onset_sec,duration_sec,pitch,velocity,track,channel,id,last_beat,last_beat_ref
1.0273438,2.6302083,51,36,1,0,0,1.01888,0.0
1.0182291,2.639323,68,43,1,0,1,-10.0,-10.0
1.0195312,2.6380208,44,39,1,0,2,1.01888,0.0
2.9791667,0.67838544,63,31,1,0,3,2.2890625,1.0
2.984375,0.67317706,68,39,1,0,4,2.2890625,1.0
3.0247395,0.6328125,51,31,1,0,5,2.2890625,1.0
3.0364583,0.62109375,48,27,1,0,6,2.2890625,1.0
1.0,2.7460938,72,54,1,0,7,-10.0,-10.0
3.5598958,1.2591146,48,39,1,0,8,3.559245,2.0
3.5585938,1.2604166,63,50,1,0,9,2.2890625,1.0
3.5338542,1.2851562,68,61,1,0,10,2.2890625,1.0
3.5690105,1.25,51,40,1,0,11,3.559245,2.0
4.3763022,0.44270834,51,46,1,0,12,3.559245,2.0
4.390625,0.4283854,63,50,1,0,13,3.559245,2.0
4.403646,0.4153646,48,39,1,0,14,3.559245,2.0
4.361979,0.4765625,68,71,1,0,15,3.559245,2.0
4.7044272,1.8164062,67,58,1,0,16,4.6959634,3.0
4.690104,1.8307291,51,42,1,0,17,3.559245,2.0
4.7018228,1.8190104,46,50,1,0,18,4.6959634,3.0
4.6861978,1.9023438,73,70,1,0,19,3.559245,2.0
6.1822915,2.7942708,49,37,1,0,20,6.177083,4.0
6.1770835,2.7994792,67,40,1,0,21,6.177083,4.0
6.1770835,2.7994792,51,39,1,0,22,6.177083,4.0
6.1523438,2.8242188,70,50,1,0,23,4.6959634,3.0
8.834636,1.8294271,48,33,1,0,24,8.832031,6.0
8.829427,1.8346354,51,34,1,0,25,7.504557,5.0
8.8359375,1.828125,68,42,1,0,26,8.832031,6.0
9.442708,1.2213541,56,52,1,0,27,8.832031,6.0
8.792969,1.9023438,75,62,1,0,28,7.504557,5.0
10.0286455,0.79296875,60,62,1,0,29,8.832031,6.0
10.600261,0.66015625,68,53,1,0,30,10.028646,7.0
10.602864,0.65755206,53,48,1,0,31,10.028646,7.0
10.5807295,0.6796875,58,58,1,0,32,10.028646,7.0
10.563802,0.703125,73,77,1,0,33,10.028646,7.0
11.2161455,0.62630206,60,69,1,0,34,11.215495,8.0
11.201823,0.640625,75,88,1,0,35,10.028646,7.0
11.220052,0.6223958,68,67,1,0,36,11.215495,8.0
11.214844,0.6276042,51,68,1,0,37,10.028646,7.0
11.8046875,0.7994792,61,70,1,0,38,11.215495,8.0
11.807292,0.796875,49,64,1,0,39,11.215495,8.0
11.7890625,0.8151042,77,85,1,0,40,11.215495,8.0
11.8125,0.7916667,68,71,1,0,41,11.215495,8.0
12.697917,1.7903646,58,28,1,0,42,12.693359,9.0
12.709636,1.7786459,51,33,1,0,43,12.693359,9.0
12.657552,1.8307291,75,57,1,0,44,11.215495,8.0
12.688802,1.7994791,67,34,1,0,45,11.215495,8.0
14.006511,0.48177084,74,49,1,0,46,12.693359,9.0
14.447917,0.2421875,67,28,1,0,47,12.693359,9.0
14.4348955,2.2708333,73,42,1,0,48,12.693359,9.0
14.764323,1.9414062,75,47,1,0,49,14.450521,10.0
14.944011,1.7617188,73,38,1,0,50,14.450521,10.0
15.076823,1.6289062,75,48,1,0,51,14.450521,10.0
15.208333,1.4973959,73,44,1,0,52,14.450521,10.0
15.324219,1.3815104,75,55,1,0,53,14.450521,10.0
15.4401045,1.265625,73,51,1,0,54,14.450521,10.0
15.558594,1.1471354,75,58,1,0,55,14.450521,10.0
15.662761,1.0429688,73,47,1,0,56,14.450521,10.0
15.7109375,0.9947917,75,61,1,0,57,14.450521,10.0
15.805989,0.89973956,73,56,1,0,58,14.450521,10.0
15.915364,0.79036456,75,61,1,0,59,14.450521,10.0
15.9921875,0.7135417,73,57,1,0,60,14.450521,10.0
16.084635,0.62109375,75,64,1,0,61,14.450521,10.0
16.167969,0.53776044,73,50,1,0,62,14.450521,10.0
16.246094,0.4596354,75,61,1,0,63,14.450521,10.0
16.307291,0.3984375,73,57,1,0,64,14.450521,10.0
16.407553,0.2981771,75,65,1,0,65,14.450521,10.0
16.502604,0.203125,73,59,1,0,66,14.450521,10.0
16.567709,0.13802083,75,60,1,0,67,14.450521,10.0
16.640625,0.065104164,73,63,1,0,68,14.450521,10.0
16.710938,0.091145836,75,65,1,0,69,14.450521,10.0
16.800781,0.083333336,73,63,1,0,70,14.450521,10.0
14.457031,2.5898438,51,31,1,0,71,14.450521,10.0
16.895834,0.19270833,72,72,1,0,72,14.450521,10.0
14.453125,2.7369792,58,30,1,0,73,14.450521,10.0
17.066406,0.16276042,73,69,1,0,74,14.450521,10.0
17.216146,0.125,75,78,1,0,75,14.450521,10.0
17.33724,0.18098958,73,70,1,0,76,14.450521,10.0
17.449219,0.18098958,75,68,1,0,77,14.450521,10.0
17.609375,1.7578125,77,63,1,0,78,17.609375,11.0
18.97526,0.625,73,47,1,0,79,17.609375,11.0
18.580729,1.0390625,75,48,1,0,80,17.609375,11.0
19.890625,0.8333333,63,23,1,0,81,19.44987,12.0
19.882812,0.8411458,60,26,1,0,82,19.44987,12.0
20.160156,0.56380206,63,42,1,0,83,19.44987,12.0
20.165365,0.55859375,60,32,1,0,84,19.44987,12.0
20.428385,0.2955729,63,40,1,0,85,19.44987,12.0
19.420572,1.3033854,56,26,1,0,86,17.609375,11.0
20.428385,0.2955729,60,22,1,0,87,19.44987,12.0
20.932291,1.890625,60,14,1,0,88,20.651043,13.0
20.651041,2.171875,56,42,1,0,89,19.44987,12.0
21.165365,1.6575521,63,40,1,0,90,20.651043,13.0
21.182291,1.640625,60,25,1,0,91,20.651043,13.0
21.423178,1.3997396,63,42,1,0,92,20.651043,13.0
21.446615,1.3763021,60,20,1,0,93,20.651043,13.0
21.949219,0.87369794,60,34,1,0,94,21.703125,14.0
21.938803,0.88411456,63,29,1,0,95,21.703125,14.0
19.479166,3.34375,72,51,1,0,96,19.44987,12.0
22.182291,0.640625,63,38,1,0,97,21.703125,14.0
22.183594,0.63932294,60,28,1,0,98,21.703125,14.0
21.703125,1.1197916,56,26,1,0,99,21.703125,14.0
21.173178,1.6497396,75,67,1,0,100,20.651043,13.0
22.460938,0.36197916,63,38,1,0,101,21.703125,14.0
22.455729,0.3671875,60,37,1,0,102,21.703125,14.0
22.183594,0.63932294,80,72,1,0,103,21.703125,14.0
23.015625,0.8854167,63,40,1,0,104,22.747396,15.0
23.018229,0.8828125,61,34,1,0,105,22.747396,15.0
23.277344,0.62369794,63,39,1,0,106,22.747396,15.0
23.282553,0.61848956,61,38,1,0,107,22.747396,15.0
22.747396,1.1536459,58,26,1,0,108,22.747396,15.0
23.536459,0.36458334,63,31,1,0,109,22.747396,15.0
23.523438,0.37760416,61,35,1,0,110,22.747396,15.0
22.747396,1.3372396,80,82,1,0,111,22.747396,15.0
24.117188,0.765625,63,26,1,0,112,23.84961,16.0
24.104166,0.7786458,61,34,1,0,113,23.84961,16.0
24.342447,0.54036456,63,36,1,0,114,23.84961,16.0
24.375,0.5078125,61,37,1,0,115,23.84961,16.0
24.602865,0.2799479,63,40,1,0,116,23.84961,16.0
23.8125,1.0703125,58,16,1,0,117,22.747396,15.0
24.592447,0.2903646,61,36,1,0,118,23.84961,16.0
25.075521,0.90494794,61,40,1,0,119,24.830729,17.0
25.085938,0.89453125,63,36,1,0,120,24.830729,17.0
23.886719,2.09375,79,52,1,0,121,23.84961,16.0
25.3125,0.66796875,61,36,1,0,122,24.830729,17.0
25.328125,0.65234375,63,42,1,0,123,24.830729,17.0
24.830729,1.1497396,58,36,1,0,124,24.830729,17.0
25.549479,0.4309896,61,40,1,0,125,24.830729,17.0
25.591146,0.3893229,63,37,1,0,126,24.830729,17.0
26.210938,2.873698,67,34,1,0,127,25.880207,18.0
26.21224,2.8723958,70,26,1,0,128,25.880207,18.0
26.201822,2.8828125,63,31,1,0,129,25.880207,18.0
26.450521,2.6341145,70,38,1,0,130,25.880207,18.0
26.450521,2.6341145,67,40,1,0,131,25.880207,18.0
26.472656,2.6119792,63,28,1,0,132,25.880207,18.0
25.865885,3.21875,61,36,1,0,133,24.830729,17.0
26.686197,2.3984375,63,33,1,0,134,25.880207,18.0
26.707031,2.3776042,70,31,1,0,135,25.880207,18.0
26.742188,2.342448,67,13,1,0,136,25.880207,18.0
27.207031,1.8776041,63,30,1,0,137,26.97526,19.0
27.244791,1.8398438,67,23,1,0,138,26.97526,19.0
27.453125,1.6315104,70,43,1,0,139,26.97526,19.0
27.455729,1.6289062,67,34,1,0,140,26.97526,19.0
27.463541,1.6210938,63,37,1,0,141,26.97526,19.0
26.97526,2.109375,61,34,1,0,142,26.97526,19.0
27.735678,1.3489584,70,31,1,0,143,26.97526,19.0
27.729166,1.3554688,63,31,1,0,144,26.97526,19.0
27.727865,1.3567709,67,23,1,0,145,26.97526,19.0
28.229166,0.85546875,70,34,1,0,146,27.983072,20.0
28.22526,0.859375,63,39,1,0,147,27.983072,20.0
28.22526,0.859375,67,31,1,0,148,27.983072,20.0
28.498697,0.5859375,63,32,1,0,149,27.983072,20.0
28.523438,0.56119794,70,25,1,0,150,27.983072,20.0
28.514322,0.5703125,67,23,1,0,151,27.983072,20.0
28.492188,0.59244794,75,60,1,0,152,27.983072,20.0
27.983072,1.1015625,61,40,1,0,153,27.983072,20.0
28.714844,0.36979166,70,34,1,0,154,27.983072,20.0
28.766928,0.31770834,67,10,1,0,155,27.983072,20.0
28.738281,0.34635416,63,29,1,0,156,27.983072,20.0
25.894531,3.391927,82,81,1,0,157,25.880207,18.0
27.450521,3.6953125,79,69,1,0,158,26.97526,19.0
29.324219,1.8216146,68,30,1,0,159,29.034506,21.0
29.309896,1.8359375,63,25,1,0,160,29.034506,21.0
29.580729,1.5651041,68,44,1,0,161,29.034506,21.0
29.610678,1.5351562,63,31,1,0,162,29.034506,21.0
29.036459,2.109375,60,39,1,0,163,29.034506,21.0
29.808594,1.3372396,63,39,1,0,164,29.034506,21.0
29.842447,1.3033854,68,38,1,0,165,29.034506,21.0
30.330729,0.8151042,63,31,1,0,166,30.08138,22.0
30.339844,0.80598956,68,31,1,0,167,30.08138,22.0
30.571615,0.57421875,63,39,1,0,168,30.08138,22.0
30.592447,0.55338544,68,30,1,0,169,30.08138,22.0
30.08724,1.0585938,60,35,1,0,170,30.08138,22.0
30.839844,0.3059896,68,36,1,0,171,30.08138,22.0
30.859375,0.28645834,63,27,1,0,172,30.08138,22.0
29.032553,2.1132812,75,68,1,0,173,27.983072,20.0
30.075521,2.1471355,80,62,1,0,174,29.034506,21.0
31.313803,0.9088542,63,43,1,0,175,31.082031,23.0
31.325521,0.89713544,68,41,1,0,176,31.082031,23.0
31.579428,0.6432292,63,47,1,0,177,31.082031,23.0
31.579428,0.6432292,68,37,1,0,178,31.082031,23.0
31.082031,1.140625,60,47,1,0,179,31.082031,23.0
31.816406,0.40625,63,51,1,0,180,31.082031,23.0
31.820312,0.40234375,68,44,1,0,181,31.082031,23.0
32.416668,1.7486979,75,40,1,0,182,32.10547,24.0
32.41276,1.7526041,72,42,1,0,183,32.10547,24.0
32.39974,1.765625,68,48,1,0,184,32.10547,24.0
32.653645,1.5117188,75,44,1,0,185,32.10547,24.0
32.64974,1.515625,72,43,1,0,186,32.10547,24.0
32.678387,1.4869791,68,41,1,0,187,32.10547,24.0
32.101562,2.063802,66,45,1,0,188,31.082031,23.0
32.898438,1.2669271,75,53,1,0,189,32.10547,24.0
32.885418,1.2799479,68,43,1,0,190,32.10547,24.0
32.897137,1.2682291,72,46,1,0,191,32.10547,24.0
33.351562,0.81380206,75,55,1,0,192,33.117188,25.0
33.348957,0.81640625,68,46,1,0,193,33.117188,25.0
33.34505,0.8203125,72,49,1,0,194,33.117188,25.0
33.59505,0.5703125,75,53,1,0,195,33.117188,25.0
33.614582,0.55078125,72,56,1,0,196,33.117188,25.0
33.60547,0.5598958,68,45,1,0,197,33.117188,25.0
33.117188,1.0481771,66,68,1,0,198,33.117188,25.0
32.109375,2.0559895,80,83,1,0,199,32.10547,24.0
33.833332,0.33203125,75,61,1,0,200,33.117188,25.0
33.846355,0.3190104,68,59,1,0,201,33.117188,25.0
33.83724,0.33854166,72,61,1,0,202,33.117188,25.0
34.304688,0.8802083,75,66,1,0,203,34.079426,26.0
34.32422,0.86067706,72,63,1,0,204,34.079426,26.0
34.3112,0.87369794,68,60,1,0,205,34.079426,26.0
33.59245,1.5924479,84,86,1,0,206,33.117188,25.0
34.565105,0.6197917,75,60,1,0,207,34.079426,26.0
34.588543,0.5963542,68,59,1,0,208,34.079426,26.0
34.58073,0.6041667,72,65,1,0,209,34.079426,26.0
34.079426,1.1054688,66,77,1,0,210,34.079426,26.0
34.661457,0.5234375,80,26,1,0,211,34.079426,26.0
34.567707,0.6171875,87,93,1,0,212,34.079426,26.0
34.83203,0.3528646,68,57,1,0,213,34.079426,26.0
34.816406,0.37239584,75,67,1,0,214,34.079426,26.0
34.83203,0.42708334,72,65,1,0,215,34.079426,26.0
35.477863,0.7864583,73,47,1,0,216,35.16081,27.0
35.46875,0.79557294,68,56,1,0,217,35.16081,27.0
35.72005,0.5442708,73,53,1,0,218,35.16081,27.0
35.695312,0.56901044,68,49,1,0,219,35.16081,27.0
35.141926,1.1223959,65,64,1,0,220,34.079426,26.0
35.934895,0.3294271,73,57,1,0,221,35.16081,27.0
35.947918,0.31640625,68,64,1,0,222,35.16081,27.0
36.40625,0.8177083,73,62,1,0,223,36.17578,28.0
36.410156,0.81380206,68,55,1,0,224,36.17578,28.0
35.179688,2.0442708,87,95,1,0,225,35.16081,27.0
36.66927,0.5546875,68,53,1,0,226,36.17578,28.0
36.634113,0.58984375,73,56,1,0,227,36.17578,28.0
36.17578,1.0481771,65,67,1,0,228,36.17578,28.0
36.889324,0.3346354,73,72,1,0,229,36.17578,28.0
36.634113,0.60807294,85,92,1,0,230,36.17578,28.0
36.89453,0.37760416,68,63,1,0,231,36.17578,28.0
37.190105,0.5572917,63,77,1,0,232,37.18294,29.0
37.17578,0.57161456,87,93,1,0,233,36.17578,28.0
37.4388,0.30859375,72,82,1,0,234,37.18294,29.0
37.4388,0.30859375,68,68,1,0,235,37.18294,29.0
37.69401,0.6979167,89,99,1,0,236,37.18294,29.0
37.70703,0.6848958,61,78,1,0,237,37.18294,29.0
37.98177,0.41015625,70,78,1,0,238,37.18294,29.0
37.98047,0.41145834,68,70,1,0,239,37.18294,29.0
38.77474,1.8958334,68,42,1,0,240,38.3763,30.0
38.773438,1.8971354,72,41,1,0,241,38.3763,30.0
39.119793,1.5507812,68,36,1,0,242,38.3763,30.0
39.127605,1.5429688,72,39,1,0,243,38.3763,30.0
38.38151,2.2890625,63,62,1,0,244,38.3763,30.0
39.414062,1.2565104,72,40,1,0,245,38.3763,30.0
39.39453,1.2760416,68,33,1,0,246,38.3763,30.0
39.889324,0.78125,68,42,1,0,247,39.645832,31.0
39.902344,0.7682292,72,41,1,0,248,39.645832,31.0
40.15625,0.51432294,68,45,1,0,249,39.645832,31.0
38.371094,2.2994792,89,95,1,0,250,37.18294,29.0
39.645832,1.0247396,63,38,1,0,251,39.645832,31.0
39.140625,1.5299479,87,78,1,0,252,38.3763,30.0
40.451824,0.21875,72,38,1,0,253,39.645832,31.0
40.15625,0.51432294,85,61,1,0,254,39.645832,31.0
40.440105,0.23046875,68,36,1,0,255,39.645832,31.0
40.427082,0.24348958,84,64,1,0,256,39.645832,31.0
40.95573,0.22916667,73,29,1,0,257,40.685547,32.0
40.945312,0.23958333,70,42,1,0,258,40.685547,32.0
40.673176,0.51171875,87,57,1,0,259,39.645832,31.0
40.940105,0.84765625,85,51,1,0,260,40.685547,32.0
41.204426,0.5833333,73,30,1,0,261,40.685547,32.0
41.19922,0.5885417,70,30,1,0,262,40.685547,32.0
41.213543,0.57421875,79,46,1,0,263,40.685547,32.0
41.451824,0.3359375,73,35,1,0,264,40.685547,32.0
41.453125,0.3346354,70,42,1,0,265,40.685547,32.0
40.697918,1.0898438,63,36,1,0,266,40.685547,32.0
41.815105,0.20703125,80,52,1,0,267,40.685547,32.0
41.951824,0.0703125,87,51,1,0,268,41.816406,33.0
42.0638,1.5273438,84,46,1,0,269,41.816406,33.0
42.173176,1.4179688,87,58,1,0,270,41.816406,33.0
42.28255,1.3085938,92,62,1,0,271,41.816406,33.0
41.826824,1.7643229,72,33,1,0,272,41.816406,33.0
42.408855,1.1822916,87,59,1,0,273,41.816406,33.0
41.816406,1.7747396,68,32,1,0,274,41.816406,33.0
42.50651,1.0846354,84,50,1,0,275,41.816406,33.0
42.596355,0.9947917,87,60,1,0,276,41.816406,33.0
42.722656,0.86848956,80,60,1,0,277,42.722656,34.0
42.834637,0.75651044,75,65,1,0,278,42.722656,34.0
42.954426,0.63671875,72,57,1,0,279,42.722656,34.0
43.072918,0.5182292,75,52,1,0,280,42.722656,34.0
43.170574,0.4205729,68,64,1,0,281,42.722656,34.0
43.303387,0.2877604,63,51,1,0,282,42.722656,34.0
43.429688,0.16145833,60,52,1,0,283,42.722656,34.0
43.539062,0.0546875,63,57,1,0,284,42.722656,34.0
43.651043,0.35416666,56,58,1,0,285,43.651043,35.0
43.778645,0.2265625,51,57,1,0,286,43.651043,35.0
43.890625,0.114583336,48,48,1,0,287,43.651043,35.0
44.0013,0.059895832,51,55,1,0,288,43.651043,35.0
44.121094,0.114583336,44,56,1,0,289,43.651043,35.0
44.214844,0.09375,51,57,1,0,290,43.651043,35.0
44.346355,0.096354164,48,41,1,0,291,43.651043,35.0
44.466145,0.06640625,51,49,1,0,292,43.651043,35.0
44.588543,0.123697914,43,49,1,0,293,43.651043,35.0
44.72526,0.071614586,51,47,1,0,294,44.58919,36.0
44.841145,0.10546875,49,38,1,0,295,44.58919,36.0
44.58203,0.37239584,46,43,1,0,296,43.651043,35.0
44.589844,0.40234375,34,38,1,0,297,44.58919,36.0
44.60677,0.3893229,39,42,1,0,298,44.58919,36.0
44.941406,0.072916664,51,50,1,0,299,44.58919,36.0
45.079426,0.087239586,55,44,1,0,300,44.58919,36.0
45.170574,0.096354164,51,53,1,0,301,44.58919,36.0
45.303387,0.096354164,49,52,1,0,302,44.58919,36.0
45.397137,0.0625,51,63,1,0,303,44.58919,36.0
45.53776,0.114583336,55,51,1,0,304,45.53776,37.0
45.66797,0.08984375,63,49,1,0,305,45.53776,37.0
45.777344,0.07421875,61,55,1,0,306,45.53776,37.0
45.536457,0.4296875,46,57,1,0,307,44.58919,36.0
45.890625,0.083333336,63,57,1,0,308,45.53776,37.0
45.541668,0.4544271,34,52,1,0,309,45.53776,37.0
45.53776,0.4856771,39,52,1,0,310,45.53776,37.0
46.014324,0.115885414,67,54,1,0,311,45.53776,37.0
46.1237,0.09375,63,59,1,0,312,45.53776,37.0
46.242188,0.109375,61,59,1,0,313,45.53776,37.0
46.347656,0.0703125,63,67,1,0,314,45.53776,37.0
46.483074,0.13151042,67,58,1,0,315,45.53776,37.0
46.61198,0.104166664,75,62,1,0,316,46.48763,38.0
46.726562,0.2981771,73,57,1,0,317,46.48763,38.0
46.492188,0.53255206,46,59,1,0,318,46.48763,38.0
46.828125,0.19661458,75,69,1,0,319,46.48763,38.0
46.48698,0.53776044,34,54,1,0,320,45.53776,37.0
46.48828,0.5364583,39,53,1,0,321,46.48763,38.0
46.95052,0.12109375,79,73,1,0,322,46.48763,38.0
47.070312,0.079427086,75,73,1,0,323,46.48763,38.0
47.170574,0.106770836,73,64,1,0,324,46.48763,38.0
47.285156,0.03515625,75,73,1,0,325,46.48763,38.0
47.416668,0.17838542,80,72,1,0,326,46.48763,38.0
47.55078,0.88151044,87,64,1,0,327,47.422527,39.0
47.664062,0.7682292,84,64,1,0,328,47.422527,39.0
47.77474,0.65755206,87,66,1,0,329,47.422527,39.0
47.897137,0.53515625,92,65,1,0,330,47.422527,39.0
47.440105,0.9921875,36,33,1,0,331,47.422527,39.0
47.416668,1.015625,48,47,1,0,332,46.48763,38.0
48.01823,0.4140625,87,59,1,0,333,47.422527,39.0
47.428387,1.0039062,39,42,1,0,334,47.422527,39.0
48.125,0.30729166,84,51,1,0,335,47.422527,39.0
48.240887,0.19140625,87,62,1,0,336,47.422527,39.0
48.380207,0.052083332,80,58,1,0,337,48.380207,40.0
48.492188,0.39453125,75,63,1,0,338,48.380207,40.0
48.610676,0.27604166,72,63,1,0,339,48.380207,40.0
48.71875,0.16796875,75,61,1,0,340,48.380207,40.0
48.839844,0.046875,68,59,1,0,341,48.380207,40.0
48.963543,0.30078125,63,54,1,0,342,48.380207,40.0
49.076824,0.1875,60,52,1,0,343,48.380207,40.0
49.179688,0.084635414,63,57,1,0,344,48.380207,40.0
49.295574,0.046875,56,59,1,0,345,49.295574,41.0
49.4362,0.4309896,51,52,1,0,346,49.295574,41.0
49.552082,0.31510416,48,43,1,0,347,49.295574,41.0
49.65755,0.20963542,51,46,1,0,348,49.295574,41.0
49.757812,0.114583336,44,56,1,0,349,49.295574,41.0
49.852863,0.087239586,51,47,1,0,350,49.295574,41.0
49.973957,0.110677086,48,46,1,0,351,49.295574,41.0
50.10547,0.057291668,51,53,1,0,352,49.295574,41.0
50.21875,0.079427086,46,50,1,0,353,50.218098,42.0
50.317707,0.390625,51,46,1,0,354,50.218098,42.0
50.459637,0.24869792,49,43,1,0,355,50.218098,42.0
50.208332,0.5,43,45,1,0,356,49.295574,41.0
50.22005,0.48828125,31,46,1,0,357,50.218098,42.0
50.21745,0.4908854,39,43,1,0,358,49.295574,41.0
50.571613,0.13671875,51,47,1,0,359,50.218098,42.0
50.721355,0.1015625,58,48,1,0,360,50.218098,42.0
50.820312,0.096354164,51,53,1,0,361,50.218098,42.0
50.934895,0.109375,49,57,1,0,362,50.218098,42.0
51.036457,0.045572918,51,65,1,0,363,50.218098,42.0
51.178387,0.1171875,58,59,1,0,364,51.164062,43.0
51.307293,0.35677084,63,56,1,0,365,51.164062,43.0
51.164062,0.5,43,57,1,0,366,51.164062,43.0
51.434895,0.22916667,61,55,1,0,367,51.164062,43.0
51.16276,0.50130206,31,61,1,0,368,50.218098,42.0
51.164062,0.5,39,52,1,0,369,51.164062,43.0
51.527344,0.13671875,63,61,1,0,370,51.164062,43.0
51.664062,0.1171875,70,68,1,0,371,51.164062,43.0
51.778645,0.092447914,63,71,1,0,372,51.164062,43.0
51.88802,0.25520834,61,64,1,0,373,51.164062,43.0
51.984375,0.15885417,63,71,1,0,374,51.164062,43.0
52.1237,0.1171875,70,63,1,0,375,51.164062,43.0
52.25651,0.36979166,75,63,1,0,376,52.128906,44.0
52.130207,0.49609375,43,59,1,0,377,52.128906,44.0
52.372395,0.25390625,73,57,1,0,378,52.128906,44.0
52.13151,0.49479166,31,60,1,0,379,52.128906,44.0
52.127605,0.4986979,39,57,1,0,380,51.164062,43.0
52.479168,0.14713542,75,69,1,0,381,52.128906,44.0
52.60026,0.13541667,82,74,1,0,382,52.128906,44.0
52.72005,0.0859375,75,73,1,0,383,52.128906,44.0
52.82422,0.109375,73,66,1,0,384,52.128906,44.0
52.934895,0.083333336,75,70,1,0,385,52.128906,44.0
53.178387,0.3294271,80,67,1,0,386,53.046223,45.0
53.045574,0.4622396,72,70,1,0,387,52.128906,44.0
53.29297,0.21484375,75,66,1,0,388,53.046223,45.0
53.408855,0.109375,80,65,1,0,389,53.046223,45.0
53.04948,1.0325521,32,47,1,0,390,53.046223,45.0
53.53255,0.5494792,84,67,1,0,391,53.046223,45.0
53.046875,1.0351562,44,48,1,0,392,53.046223,45.0
53.027344,1.0546875,39,51,1,0,393,52.128906,44.0
53.658855,0.4231771,80,73,1,0,394,53.046223,45.0
53.76302,0.3190104,75,61,1,0,395,53.046223,45.0
53.854168,0.22786458,80,65,1,0,396,53.046223,45.0
53.98828,0.09375,72,56,1,0,397,53.98828,46.0
54.101562,0.38671875,68,65,1,0,398,53.98828,46.0
54.23698,0.2513021,63,50,1,0,399,53.98828,46.0
54.326824,0.16145833,68,57,1,0,400,53.98828,46.0
54.471355,0.044270832,60,45,1,0,401,53.98828,46.0
54.57422,0.171875,56,60,1,0,402,53.98828,46.0
54.703125,0.075520836,51,53,1,0,403,53.98828,46.0
54.816406,0.052083332,56,53,1,0,404,53.98828,46.0
54.921875,0.14453125,48,46,1,0,405,54.921875,47.0
55.02474,0.079427086,56,52,1,0,406,54.921875,47.0
55.141926,0.09765625,51,45,1,0,407,54.921875,47.0
55.2487,0.098958336,56,54,1,0,408,54.921875,47.0
55.380207,0.106770836,60,56,1,0,409,54.921875,47.0
55.5013,0.078125,56,53,1,0,410,54.921875,47.0
55.608074,0.109375,51,49,1,0,411,54.921875,47.0
55.704426,0.059895832,56,47,1,0,412,54.921875,47.0
55.826824,0.859375,50,42,1,0,413,54.921875,47.0
55.94401,0.7421875,58,48,1,0,414,55.829426,48.0
56.067707,0.61848956,56,47,1,0,415,55.829426,48.0
55.83724,0.8489583,29,47,1,0,416,55.829426,48.0
56.178387,0.5078125,58,53,1,0,417,55.829426,48.0
55.829426,0.8567708,41,46,1,0,418,55.829426,48.0
56.298176,0.38802084,62,56,1,0,419,55.829426,48.0
56.421875,0.2643229,58,52,1,0,420,55.829426,48.0
56.545574,0.140625,56,58,1,0,421,55.829426,48.0
56.64453,0.067708336,58,63,1,0,422,55.829426,48.0
56.766926,0.72005206,62,65,1,0,423,56.765625,49.0
56.90625,0.5807292,70,60,1,0,424,56.765625,49.0
56.759113,0.72786456,41,59,1,0,425,55.829426,48.0
56.764324,0.72265625,53,60,1,0,426,55.829426,48.0
57.027344,0.4596354,68,61,1,0,427,56.765625,49.0
56.770832,0.7161458,46,53,1,0,428,56.765625,49.0
57.122395,0.36458334,70,66,1,0,429,56.765625,49.0
57.246094,0.24088542,74,70,1,0,430,56.765625,49.0
57.371094,0.115885414,70,68,1,0,431,56.765625,49.0
57.483074,0.10546875,68,65,1,0,432,56.765625,49.0
57.589844,0.041666668,70,71,1,0,433,56.765625,49.0
57.71745,0.13020833,75,78,1,0,434,57.71419,50.0
57.835938,0.71223956,82,73,1,0,435,57.71419,50.0
57.9388,0.609375,79,71,1,0,436,57.71419,50.0
57.70052,0.84765625,46,61,1,0,437,56.765625,49.0
58.048176,0.5,82,79,1,0,438,57.71419,50.0
57.72005,0.828125,39,61,1,0,439,57.71419,50.0
57.710938,0.83723956,51,61,1,0,440,56.765625,49.0
58.165363,0.3828125,87,74,1,0,441,57.71419,50.0
58.28776,0.26041666,82,73,1,0,442,57.71419,50.0
58.382812,0.16536458,80,47,1,0,443,57.71419,50.0
58.421875,0.12630208,79,61,1,0,444,57.71419,50.0
58.514324,0.076822914,82,68,1,0,445,57.71419,50.0
58.6237,0.114583336,77,63,1,0,446,57.71419,50.0
58.648438,0.8177083,38,57,1,0,447,58.641277,51.0
58.73828,0.72786456,82,63,1,0,448,58.641277,51.0
58.64323,0.8229167,50,59,1,0,449,58.641277,51.0
58.639324,0.82682294,46,63,1,0,450,57.71419,50.0
58.841145,0.625,80,65,1,0,451,58.641277,51.0
58.951824,0.51432294,82,78,1,0,452,58.641277,51.0
59.07422,0.3919271,89,79,1,0,453,58.641277,51.0
59.191406,0.2747396,82,79,1,0,454,58.641277,51.0
59.309895,0.15625,80,76,1,0,455,58.641277,51.0
59.428387,0.109375,82,82,1,0,456,58.641277,51.0
59.546875,0.859375,77,78,1,0,457,58.641277,51.0
59.664062,0.7421875,82,78,1,0,458,59.554688,52.0
59.554688,0.8515625,50,70,1,0,459,59.554688,52.0
59.554688,0.8515625,62,74,1,0,460,59.554688,52.0
59.554688,0.8515625,58,67,1,0,461,59.554688,52.0
59.757812,0.6484375,80,77,1,0,462,59.554688,52.0
59.86198,0.5442708,82,78,1,0,463,59.554688,52.0
59.985676,0.4205729,89,83,1,0,464,59.554688,52.0
60.10547,0.30078125,82,85,1,0,465,59.554688,52.0
60.222656,0.18359375,80,78,1,0,466,59.554688,52.0
60.328125,0.110677086,82,80,1,0,467,59.554688,52.0
60.454426,0.13802083,79,79,1,0,468,59.554688,52.0
60.567707,0.82421875,87,75,1,0,469,60.45638,53.0
60.677082,0.71484375,82,77,1,0,470,60.45638,53.0
60.451824,0.9401042,61,78,1,0,471,59.554688,52.0
60.458332,0.93359375,49,69,1,0,472,60.45638,53.0
60.783855,0.60807294,87,81,1,0,473,60.45638,53.0
60.46875,0.92317706,51,65,1,0,474,60.45638,53.0
60.90755,0.484375,91,83,1,0,475,60.45638,53.0
61.020832,0.37109375,87,85,1,0,476,60.45638,53.0
61.166668,0.22526042,81,59,1,0,477,60.45638,53.0
61.130207,0.26171875,82,73,1,0,478,60.45638,53.0
61.226562,0.16536458,87,77,1,0,479,60.45638,53.0
61.497395,0.34895834,92,90,1,0,480,61.35612,54.0
61.3737,0.47265625,51,62,1,0,481,61.35612,54.0
61.358074,0.48828125,48,67,1,0,482,61.35612,54.0
61.354168,0.4921875,60,70,1,0,483,60.45638,53.0
61.354168,0.4921875,80,87,1,0,484,60.45638,53.0
61.619793,0.2265625,87,81,1,0,485,61.35612,54.0
61.713543,0.15364583,92,84,1,0,486,61.35612,54.0
61.838543,0.4622396,47,66,1,0,487,61.35612,54.0
61.841145,0.4596354,59,77,1,0,488,61.35612,54.0
61.839844,0.4609375,51,70,1,0,489,61.35612,54.0
61.84245,0.45833334,81,87,1,0,490,61.35612,54.0
61.96224,0.33854166,93,89,1,0,491,61.35612,54.0
62.06901,0.23177083,87,87,1,0,492,61.35612,54.0
62.179688,0.16796875,93,89,1,0,493,61.35612,54.0
62.522137,0.34375,91,20,1,0,494,62.30664,55.0
62.47005,0.39583334,93,90,1,0,495,62.30664,55.0
62.30599,0.5598958,71,85,1,0,496,61.35612,54.0
62.328125,0.53776044,59,73,1,0,497,62.30664,55.0
62.30078,0.5651042,81,90,1,0,498,61.35612,54.0
62.307293,0.55859375,63,73,1,0,499,62.30664,55.0
62.576824,0.2890625,87,85,1,0,500,62.30664,55.0
62.684895,0.18098958,93,88,1,0,501,62.30664,55.0
62.802082,0.5182292,82,91,1,0,502,62.30664,55.0
62.795574,0.52473956,70,88,1,0,503,62.30664,55.0
62.807293,0.5130208,58,77,1,0,504,62.30664,55.0
62.79297,0.52734375,63,76,1,0,505,62.30664,55.0
62.92448,0.39583334,94,90,1,0,506,62.30664,55.0
63.027344,0.29296875,87,87,1,0,507,62.30664,55.0
63.134113,0.18619792,94,89,1,0,508,62.30664,55.0
63.196613,0.14713542,91,22,1,0,509,62.30664,55.0
63.26302,0.5234375,63,68,1,0,510,63.255207,56.0
63.40755,0.37890625,94,90,1,0,511,63.255207,56.0
63.246094,0.54036456,82,93,1,0,512,62.30664,55.0
63.253906,0.53255206,68,84,1,0,513,62.30664,55.0
63.523438,0.26302084,87,87,1,0,514,63.255207,56.0
63.25651,0.52994794,56,80,1,0,515,63.255207,56.0
63.66276,0.123697914,91,49,1,0,516,63.255207,56.0
63.639324,0.14713542,94,87,1,0,517,63.255207,56.0
63.785156,0.7447917,55,75,1,0,518,63.255207,56.0
63.777344,0.7526042,67,83,1,0,519,63.255207,56.0
63.777344,0.7526042,63,76,1,0,520,63.255207,56.0
63.932293,0.59765625,95,92,1,0,521,63.255207,56.0
63.785156,0.7447917,83,89,1,0,522,63.255207,56.0
64.072914,0.45703125,87,84,1,0,523,63.255207,56.0
64.20182,0.328125,95,90,1,0,524,63.255207,56.0
64.92838,0.88411456,80,32,1,0,525,64.63281,57.0
64.63281,1.3320312,96,64,1,0,526,64.63281,57.0
65.5026,0.5442708,84,49,1,0,527,64.63281,57.0
65.22656,0.8854167,68,37,1,0,528,64.63281,57.0
66.04818,0.5911458,79,48,1,0,529,65.8125,58.0
66.30729,0.83984375,67,41,1,0,530,65.8125,58.0
65.8125,1.3841146,94,60,1,0,531,65.8125,58.0
66.56901,0.85026044,82,49,1,0,532,65.8125,58.0
67.07422,0.7317708,77,45,1,0,533,66.845055,59.0
67.70443,0.40104166,93,64,1,0,534,66.845055,59.0
67.41146,0.71484375,65,37,1,0,535,66.845055,59.0
66.845055,1.421875,92,60,1,0,536,66.845055,59.0
68.22526,0.61328125,79,51,1,0,537,67.99479,60.0
68.56771,0.73567706,67,24,1,0,538,67.99479,60.0
68.782555,0.59765625,82,66,1,0,539,67.99479,60.0
67.99479,1.4153646,94,74,1,0,540,67.99479,60.0
69.29297,1.0273438,77,43,1,0,541,69.08984,61.0
69.62891,0.69140625,65,30,1,0,542,69.08984,61.0
69.08984,1.2304688,92,60,1,0,543,69.08984,61.0
69.86588,0.4544271,80,51,1,0,544,69.08984,61.0
70.145836,0.3046875,91,50,1,0,545,69.08984,61.0
70.42057,0.38541666,79,56,1,0,546,70.16732,62.0
70.46615,0.375,63,24,1,0,547,70.16732,62.0
70.188805,0.69401044,75,35,1,0,548,70.16732,62.0
70.74219,0.3606771,65,40,1,0,549,70.16732,62.0
70.697914,0.4127604,80,66,1,0,550,70.16732,62.0
71.015625,0.16666667,67,40,1,0,551,70.16732,62.0
70.96354,0.3684896,82,72,1,0,552,70.16732,62.0
71.23047,0.5026042,86,78,1,0,553,71.23047,63.0
71.489586,0.2799479,70,43,1,0,554,71.23047,63.0
71.58203,0.46484375,84,61,1,0,555,71.23047,63.0
72.05859,0.48697916,56,25,1,0,556,71.23047,63.0
71.78906,0.75651044,68,34,1,0,557,71.23047,63.0
72.05469,0.54557294,72,42,1,0,558,71.23047,63.0
72.30469,0.4752604,84,71,1,0,559,72.30469,64.0
72.578125,0.34114584,68,43,1,0,560,72.30469,64.0
72.59635,0.52213544,82,64,1,0,561,72.30469,64.0
72.86068,0.3424479,67,47,1,0,562,72.30469,64.0
73.17578,0.28125,55,39,1,0,563,72.30469,64.0
73.11979,0.4205729,70,48,1,0,564,72.30469,64.0
73.40885,0.32552084,82,66,1,0,565,73.40885,65.0
73.67057,0.29427084,67,47,1,0,566,73.40885,65.0
73.94531,0.39322916,65,50,1,0,567,73.40885,65.0
73.65885,0.68098956,80,61,1,0,568,73.40885,65.0
74.25391,0.23828125,66,40,1,0,569,73.40885,65.0
74.248695,0.2721354,81,59,1,0,570,73.40885,65.0
74.51823,0.41796875,84,71,1,0,571,74.51823,66.0
74.75651,0.2721354,68,45,1,0,572,74.51823,66.0
74.83073,0.43359375,82,67,1,0,573,74.51823,66.0
75.02213,0.36458334,67,52,1,0,574,74.51823,66.0
75.291664,0.26041666,70,45,1,0,575,74.51823,66.0
75.311195,0.26822916,55,35,1,0,576,74.51823,66.0
75.54818,0.35546875,82,63,1,0,577,75.54818,67.0
75.83724,0.23828125,67,34,1,0,578,75.54818,67.0
75.81901,0.59244794,80,57,1,0,579,75.54818,67.0
76.11588,0.3203125,65,37,1,0,580,75.54818,67.0
76.41797,0.4440104,53,32,1,0,581,75.54818,67.0
76.41016,0.4518229,68,40,1,0,582,75.54818,67.0
76.82422,0.5442708,55,43,1,0,583,76.82162,68.0
76.79948,0.56901044,79,66,1,0,584,75.54818,67.0
76.81901,0.5494792,63,39,1,0,585,75.54818,67.0
76.82422,0.5442708,70,47,1,0,586,76.82162,68.0
77.217445,0.15104167,56,49,1,0,587,76.82162,68.0
77.217445,0.15104167,62,58,1,0,588,76.82162,68.0
77.20182,0.16666667,77,67,1,0,589,76.82162,68.0
77.47526,0.28385416,55,64,1,0,590,76.82162,68.0
77.46224,0.30208334,63,60,1,0,591,76.82162,68.0
77.46094,0.328125,79,80,1,0,592,76.82162,68.0
77.48047,0.359375,70,55,1,0,593,76.82162,68.0
77.71484,0.13671875,62,73,1,0,594,76.82162,68.0
77.71484,0.15494792,56,68,1,0,595,76.82162,68.0
77.72135,0.15364583,77,78,1,0,596,76.82162,68.0
77.98828,1.328125,70,65,1,0,597,76.82162,68.0
77.99479,1.3216146,55,65,1,0,598,77.99154,69.0
78.0,1.3164062,63,59,1,0,599,77.99154,69.0
77.98177,1.3346354,79,84,1,0,600,76.82162,68.0
79.208336,1.3776041,62,69,1,0,601,77.99154,69.0
79.22135,1.3645834,70,61,1,0,602,79.21029,70.0
79.19271,1.3932291,77,74,1,0,603,77.99154,69.0
79.21224,1.3736979,56,63,1,0,604,79.21029,70.0
80.58594,0.39453125,63,68,1,0,605,79.21029,70.0
80.59635,0.3841146,55,64,1,0,606,80.59115,71.0
80.58463,0.3997396,82,82,1,0,607,79.21029,70.0
80.59635,0.40364584,70,69,1,0,608,80.59115,71.0
80.958336,0.118489586,53,70,1,0,609,80.59115,71.0
80.94141,0.14192708,81,82,1,0,610,80.59115,71.0
80.95052,0.17317708,75,71,1,0,611,80.59115,71.0
80.95703,0.234375,60,73,1,0,612,80.59115,71.0
81.186195,0.3997396,63,86,1,0,613,80.59115,71.0
81.19141,0.39453125,70,81,1,0,614,80.59115,71.0
81.18359,0.40234375,82,90,1,0,615,80.59115,71.0
81.19271,0.39322916,55,75,1,0,616,80.59115,71.0
81.43229,0.15364583,53,78,1,0,617,80.59115,71.0
81.43099,0.16536458,81,87,1,0,618,80.59115,71.0
81.43359,0.22786458,75,83,1,0,619,80.59115,71.0
81.421875,0.3424479,60,79,1,0,620,80.59115,71.0
81.77865,1.2630209,63,81,1,0,621,81.776695,72.0
81.77734,1.2643229,55,78,1,0,622,81.776695,72.0
81.78125,1.2604166,58,73,1,0,623,81.776695,72.0
81.77604,1.265625,70,87,1,0,624,80.59115,71.0
81.77604,1.265625,75,82,1,0,625,80.59115,71.0
81.76693,1.2747396,82,92,1,0,626,80.59115,71.0
83.14974,1.3164062,69,53,1,0,627,83.092445,73.0
83.03516,1.4309896,53,36,1,0,628,81.776695,72.0
83.251305,1.2148438,75,66,1,0,629,83.092445,73.0
83.239586,1.2265625,55,38,1,0,630,83.092445,73.0
83.44141,1.0247396,53,45,1,0,631,83.092445,73.0
83.57682,0.88932294,55,36,1,0,632,83.092445,73.0
83.67578,0.79036456,53,48,1,0,633,83.092445,73.0
83.75912,0.70703125,55,45,1,0,634,83.092445,73.0
83.81901,0.64713544,53,58,1,0,635,83.092445,73.0
83.91537,0.55078125,55,48,1,0,636,83.092445,73.0
84.00391,0.4622396,53,45,1,0,637,83.092445,73.0
84.041664,0.42447916,55,55,1,0,638,83.092445,73.0
84.125,0.34114584,53,55,1,0,639,83.092445,73.0
84.1901,0.27604166,55,62,1,0,640,84.1901,74.0
84.25912,0.20703125,53,54,1,0,641,84.1901,74.0
84.31901,0.14713542,55,60,1,0,642,84.1901,74.0
83.38932,1.0768229,84,72,1,0,643,83.092445,73.0
84.40885,0.102864586,53,68,1,0,644,84.1901,74.0
84.47526,1.0299479,51,74,1,0,645,84.1901,74.0
84.73698,0.7682292,53,65,1,0,646,84.1901,74.0
84.80338,0.70182294,69,63,1,0,647,84.1901,74.0
84.84635,0.6588542,51,62,1,0,648,84.1901,74.0
84.95703,0.54817706,53,62,1,0,649,84.1901,74.0
85.00651,0.4986979,51,63,1,0,650,84.1901,74.0
84.88412,0.62109375,77,74,1,0,651,84.1901,74.0
85.10287,0.40234375,53,56,1,0,652,84.1901,74.0
85.157555,0.34765625,51,63,1,0,653,84.1901,74.0
85.2474,0.2578125,53,68,1,0,654,84.1901,74.0
85.30469,0.20052083,51,65,1,0,655,84.1901,74.0
84.96094,1.5052084,84,85,1,0,656,84.1901,74.0
85.43229,1.0338541,50,91,1,0,657,85.313805,75.0
85.739586,0.7265625,51,59,1,0,658,85.313805,75.0
85.77734,0.68880206,70,74,1,0,659,85.313805,75.0
85.84766,0.61848956,50,63,1,0,660,85.313805,75.0
85.86328,0.60286456,77,79,1,0,661,85.313805,75.0
85.93359,0.53255206,51,65,1,0,662,85.313805,75.0
86.02604,0.44010416,50,58,1,0,663,85.313805,75.0
86.10156,0.36458334,51,68,1,0,664,85.313805,75.0
86.19662,0.26953125,50,63,1,0,665,85.313805,75.0
86.27865,0.1875,51,70,1,0,666,85.313805,75.0
86.33984,0.13802083,50,71,1,0,667,85.313805,75.0
85.98698,0.57942706,86,93,1,0,668,85.313805,75.0
86.4375,1.0091146,48,90,1,0,669,86.4375,76.0
86.71615,0.73046875,72,87,1,0,670,86.4375,76.0
86.72656,0.72005206,50,73,1,0,671,86.4375,76.0
86.8151,0.63151044,77,89,1,0,672,86.4375,76.0
86.854164,0.59244794,48,68,1,0,673,86.4375,76.0
86.95963,0.48697916,50,76,1,0,674,86.4375,76.0
87.046875,0.3997396,48,71,1,0,675,86.4375,76.0
87.10807,0.33854166,50,57,1,0,676,86.4375,76.0
87.18229,0.2643229,48,70,1,0,677,86.4375,76.0
87.26302,0.18359375,50,68,1,0,678,86.4375,76.0
86.99088,0.45572916,87,98,1,0,679,86.4375,76.0
87.328125,0.125,48,68,1,0,680,86.4375,76.0
87.42057,1.046875,46,92,1,0,681,86.4375,76.0
87.688805,0.7786458,74,85,1,0,682,86.4375,76.0
87.70573,0.76171875,48,75,1,0,683,86.4375,76.0
87.796875,0.67057294,77,88,1,0,684,86.4375,76.0
87.81771,0.64973956,46,79,1,0,685,87.81771,77.0
87.93359,0.5338542,48,72,1,0,686,87.81771,77.0
88.00781,0.4596354,46,82,1,0,687,87.81771,77.0
88.09896,0.3684896,48,72,1,0,688,87.81771,77.0
88.16537,0.30208334,46,73,1,0,689,87.81771,77.0
88.2526,0.21484375,48,66,1,0,690,87.81771,77.0
88.32031,0.14713542,46,74,1,0,691,87.81771,77.0
88.42578,2.6132812,44,97,1,0,692,87.81771,77.0
88.75521,2.2838542,46,67,1,0,693,87.81771,77.0
87.998695,3.0403645,89,101,1,0,694,87.81771,77.0
88.87109,2.1679688,44,70,1,0,695,87.81771,77.0
88.96354,2.0755208,46,72,1,0,696,87.81771,77.0
89.07031,1.96875,44,72,1,0,697,89.07031,78.0
89.17057,1.8684896,46,71,1,0,698,89.07031,78.0
89.260414,1.7786459,44,76,1,0,699,89.07031,78.0
89.36979,1.6692709,46,75,1,0,700,89.07031,78.0
88.94922,2.0898438,91,105,1,0,701,87.81771,77.0
89.47526,1.5638021,44,77,1,0,702,89.07031,78.0
89.563805,1.4752604,46,77,1,0,703,89.07031,78.0
89.64974,1.3893229,45,15,1,0,704,89.07031,78.0
89.52213,1.5169271,92,105,1,0,705,89.07031,78.0
89.686195,1.3528646,44,66,1,0,706,89.07031,78.0
89.80338,1.2356771,46,73,1,0,707,89.07031,78.0
89.91927,1.1197916,44,73,1,0,708,89.07031,78.0
89.98047,1.0585938,93,112,1,0,709,89.07031,78.0
90.015625,1.0234375,46,82,1,0,710,89.07031,78.0
90.14193,0.89713544,44,78,1,0,711,90.123695,79.0
90.24609,0.79296875,46,74,1,0,712,90.123695,79.0
90.354164,0.6848958,44,72,1,0,713,90.123695,79.0
90.46224,0.57682294,46,67,1,0,714,90.123695,79.0
90.54297,0.49609375,44,69,1,0,715,90.123695,79.0
90.63802,0.40104166,46,75,1,0,716,90.626305,80.0
90.72526,0.3138021,44,75,1,0,717,90.626305,80.0
90.8151,0.22395833,46,74,1,0,718,90.626305,80.0
90.88412,0.15494792,44,73,1,0,719,90.626305,80.0
90.99088,0.85026044,43,89,1,0,720,90.626305,80.0
91.16537,0.67578125,44,93,1,0,721,90.626305,80.0
91.311195,0.52994794,46,89,1,0,722,90.626305,80.0
90.626305,1.2148438,94,121,1,0,723,90.626305,80.0
91.447914,0.39322916,44,91,1,0,724,90.626305,80.0
91.56901,0.2721354,43,83,1,0,725,90.626305,80.0
91.6875,0.15364583,41,88,1,0,726,90.626305,80.0
91.91276,1.0533854,38,42,1,0,727,91.85287,81.0
91.85287,1.1132812,39,90,1,0,728,91.85287,81.0
92.23177,0.734375,55,69,1,0,729,91.85287,81.0
92.23177,0.734375,51,75,1,0,730,91.85287,81.0
92.49349,0.47265625,67,96,1,0,731,91.85287,81.0
92.520836,0.4453125,55,65,1,0,732,91.85287,81.0
92.515625,0.45052084,51,71,1,0,733,91.85287,81.0
92.77865,0.1875,51,45,1,0,734,91.85287,81.0
92.74088,0.22526042,50,72,1,0,735,91.85287,81.0
92.74349,0.22265625,55,66,1,0,736,91.85287,81.0
92.98307,0.29947916,55,75,1,0,737,92.98307,82.0
93.04427,0.23828125,51,29,1,0,738,92.98307,82.0
92.98307,0.29947916,50,77,1,0,739,92.98307,82.0
93.22787,0.110677086,55,55,1,0,740,92.98307,82.0
93.21615,0.125,48,72,1,0,741,92.98307,82.0
93.45182,0.3372396,48,63,1,0,742,92.98307,82.0
93.458336,0.33072916,55,50,1,0,743,92.98307,82.0
93.48828,0.30078125,51,51,1,0,744,92.98307,82.0
93.697914,0.13411458,46,57,1,0,745,92.98307,82.0
93.708336,0.123697914,55,49,1,0,746,92.98307,82.0
93.71484,0.13020833,51,53,1,0,747,92.98307,82.0
93.69401,0.50911456,67,77,1,0,748,92.98307,82.0
93.938805,0.2643229,68,74,1,0,749,92.98307,82.0
93.94271,0.26041666,55,54,1,0,750,93.94141,83.0
93.95573,0.24739583,46,53,1,0,751,93.94141,83.0
94.1849,0.122395836,55,60,1,0,752,93.94141,83.0
94.17448,0.14453125,44,72,1,0,753,93.94141,83.0
94.157555,0.3736979,70,87,1,0,754,93.94141,83.0
94.39453,0.13671875,72,83,1,0,755,93.94141,83.0
94.40885,0.122395836,55,61,1,0,756,93.94141,83.0
94.40365,0.12760417,43,74,1,0,757,93.94141,83.0
93.9401,0.70182294,51,45,1,0,758,92.98307,82.0
94.61328,0.39322916,43,72,1,0,759,93.94141,83.0
94.64193,0.36458334,51,13,1,0,760,93.94141,83.0
94.61588,0.390625,55,76,1,0,761,93.94141,83.0
94.61588,0.390625,74,96,1,0,762,93.94141,83.0
94.9375,0.63411456,43,81,1,0,763,94.936195,84.0
95.26432,0.30729166,55,76,1,0,764,94.936195,84.0
95.26302,0.30859375,51,77,1,0,765,94.936195,84.0
95.5599,0.4453125,55,66,1,0,766,94.936195,84.0
94.9349,1.0703125,75,96,1,0,767,93.94141,83.0
95.54948,0.45572916,51,67,1,0,768,94.936195,84.0
95.79427,0.2109375,51,20,1,0,769,94.936195,84.0
95.75391,0.2513021,55,51,1,0,770,94.936195,84.0
95.76172,0.24348958,50,74,1,0,771,94.936195,84.0
95.54427,0.5052083,70,88,1,0,772,94.936195,84.0
96.01302,0.7760417,55,74,1,0,773,96.009766,85.0
96.00651,0.78255206,50,76,1,0,774,94.936195,84.0
96.234375,0.5546875,55,58,1,0,775,96.009766,85.0
96.22787,0.56119794,48,71,1,0,776,96.009766,85.0
96.489586,0.29947916,55,63,1,0,777,96.009766,85.0
96.46484,0.32421875,48,75,1,0,778,96.009766,85.0
96.489586,0.29947916,51,56,1,0,779,96.009766,85.0
96.72396,0.12890625,55,63,1,0,780,96.009766,85.0
96.71484,0.14192708,46,71,1,0,781,96.009766,85.0
96.72656,0.13411458,51,57,1,0,782,96.009766,85.0
96.71224,0.4921875,74,88,1,0,783,96.009766,85.0
96.95703,0.24739583,75,89,1,0,784,96.95703,86.0
96.953125,0.2513021,55,70,1,0,785,96.009766,85.0
96.95703,0.24739583,46,68,1,0,786,96.95703,86.0
96.958336,0.24609375,51,60,1,0,787,96.95703,86.0
97.197914,0.14322917,55,70,1,0,788,96.95703,86.0
97.1875,0.4856771,44,79,1,0,789,96.95703,86.0
97.186195,0.48697916,77,93,1,0,790,96.95703,86.0
97.42578,0.24739583,79,93,1,0,791,96.95703,86.0
97.4349,0.23828125,55,74,1,0,792,96.95703,86.0
97.4375,0.23567708,43,80,1,0,793,96.95703,86.0
97.19531,0.4778646,51,56,1,0,794,96.95703,86.0
97.66537,0.3841146,43,76,1,0,795,96.95703,86.0
97.66537,0.3841146,55,75,1,0,796,96.95703,86.0
97.666664,0.3828125,51,34,1,0,797,96.95703,86.0
97.66406,0.38541666,80,99,1,0,798,96.95703,86.0
97.99609,0.61588544,43,87,1,0,799,96.95703,86.0
98.30469,0.30729166,55,76,1,0,800,97.9974,87.0
98.30078,0.3111979,51,80,1,0,801,97.9974,87.0
98.57943,0.4700521,55,74,1,0,802,97.9974,87.0
98.58073,0.46875,51,70,1,0,803,97.9974,87.0
98.791664,0.2578125,50,81,1,0,804,97.9974,87.0
98.78646,0.26302084,55,64,1,0,805,97.9974,87.0
98.57943,0.4700521,75,93,1,0,806,97.9974,87.0
97.998695,1.0703125,82,98,1,0,807,97.9974,87.0
99.02213,0.76953125,50,80,1,0,808,99.02213,88.0
99.02213,0.76953125,55,74,1,0,809,99.02213,88.0
99.24609,0.54557294,48,87,1,0,810,99.02213,88.0
99.239586,0.5520833,55,68,1,0,811,99.02213,88.0
99.4974,0.29427084,55,73,1,0,812,99.02213,88.0
99.51693,0.2747396,51,72,1,0,813,99.02213,88.0
99.489586,0.30208334,48,84,1,0,814,99.02213,88.0
99.78776,0.053385418,45,33,1,0,815,99.02213,88.0
99.72135,0.140625,46,80,1,0,816,99.02213,88.0
99.72526,0.13802083,51,81,1,0,817,99.02213,88.0
99.72526,0.13932292,55,74,1,0,818,99.02213,88.0
99.71484,0.5104167,87,92,1,0,819,99.02213,88.0
99.95182,0.2734375,89,87,1,0,820,99.95117,89.0
99.95052,0.2747396,55,74,1,0,821,99.02213,88.0
99.95052,0.2747396,46,81,1,0,822,99.02213,88.0
99.95443,0.27083334,51,75,1,0,823,99.95117,89.0
100.19271,0.119791664,55,81,1,0,824,99.95117,89.0
100.188805,0.14453125,46,76,1,0,825,99.95117,89.0
100.188805,0.50130206,51,70,1,0,826,99.95117,89.0
100.17969,0.5104167,91,103,1,0,827,99.95117,89.0
100.44531,0.24479167,92,94,1,0,828,99.95117,89.0
100.44922,0.24088542,55,80,1,0,829,99.95117,89.0
100.436195,0.25390625,51,71,1,0,830,99.95117,89.0
100.44922,0.24088542,44,84,1,0,831,99.95117,89.0
100.72266,0.53776044,55,82,1,0,832,99.95117,89.0
100.72526,0.53515625,43,84,1,0,833,99.95117,89.0
100.73307,0.52734375,51,70,1,0,834,99.95117,89.0
100.71224,0.54817706,94,106,1,0,835,99.95117,89.0
101.17578,1.3723959,53,81,1,0,836,101.17252,90.0
101.17057,1.3776041,44,88,1,0,837,99.95117,89.0
101.16146,1.3867188,96,104,1,0,838,99.95117,89.0
101.17448,1.3736979,51,78,1,0,839,101.17252,90.0
103.39844,0.24869792,51,27,1,0,840,102.42383,91.0
103.35156,0.2955729,65,46,1,0,841,102.42383,91.0
103.41016,0.26041666,45,33,1,0,842,102.42383,91.0
103.40885,0.27864584,53,24,1,0,843,102.42383,91.0
103.654945,0.52213544,70,54,1,0,844,102.42383,91.0
103.70052,0.50911456,46,36,1,0,845,103.67513,92.0
103.67969,0.5390625,50,38,1,0,846,103.67513,92.0
103.67057,0.58463544,65,26,1,0,847,102.42383,91.0
104.42448,0.33984375,46,50,1,0,848,103.67513,92.0
104.42057,0.34375,65,54,1,0,849,103.67513,92.0
104.42057,0.34375,50,47,1,0,850,103.67513,92.0
104.40885,0.35546875,70,72,1,0,851,103.67513,92.0
104.75,1.2135416,48,46,1,0,852,103.67513,92.0
104.76172,1.2018229,65,50,1,0,853,104.751305,93.0
104.72396,1.2604166,69,72,1,0,854,103.67513,92.0
104.7526,1.2356771,51,52,1,0,855,104.751305,93.0
105.953125,1.1875,65,41,1,0,856,105.94596,94.0
105.947914,1.1927084,50,39,1,0,857,105.94596,94.0
105.94401,1.1966146,59,42,1,0,858,104.751305,93.0
105.92318,1.2304688,68,57,1,0,859,104.751305,93.0
107.16276,0.14192708,67,41,1,0,860,105.94596,94.0
107.22396,0.5598958,51,22,1,0,861,107.19141,95.0
107.19141,0.59244794,58,37,1,0,862,107.19141,95.0
107.75,0.3502604,63,42,1,0,863,107.19141,95.0
107.76302,0.3372396,67,36,1,0,864,107.19141,95.0
108.06901,0.23046875,65,48,1,0,865,107.19141,95.0
108.063805,0.23697917,68,47,1,0,866,107.19141,95.0
107.72656,0.61848956,87,61,1,0,867,107.19141,95.0
108.029945,0.35546875,86,74,1,0,868,107.19141,95.0
108.333336,0.25,67,51,1,0,869,107.19141,95.0
108.3125,0.27083334,70,52,1,0,870,107.19141,95.0
108.29297,0.29427084,85,74,1,0,871,107.19141,95.0
108.58724,0.93619794,84,63,1,0,872,108.58724,96.0
108.77734,0.74609375,82,60,1,0,873,108.58724,96.0
108.90365,0.6197917,80,64,1,0,874,108.58724,96.0
109.020836,0.5026042,79,69,1,0,875,108.58724,96.0
108.63672,0.88671875,72,41,1,0,876,108.58724,96.0
109.13412,0.3893229,78,73,1,0,877,108.58724,96.0
109.2474,0.27604166,77,77,1,0,878,108.58724,96.0
108.58073,0.9427083,68,50,1,0,879,107.19141,95.0
109.36068,0.16276042,76,69,1,0,880,108.58724,96.0
109.47787,0.12109375,75,79,1,0,881,108.58724,96.0
109.60287,0.106770836,74,71,1,0,882,109.60287,97.0
109.70443,0.13802083,73,72,1,0,883,109.60287,97.0
109.822914,0.09375,72,72,1,0,884,109.60287,97.0
109.93359,0.11328125,71,61,1,0,885,109.60287,97.0
110.0651,0.119791664,70,61,1,0,886,109.60287,97.0
110.1849,0.11328125,68,57,1,0,887,109.60287,97.0
110.32552,0.13671875,67,57,1,0,888,109.60287,97.0
110.345055,0.18619792,53,39,1,0,889,109.60287,97.0
110.33724,0.30859375,45,45,1,0,890,109.60287,97.0
110.333336,0.34635416,51,37,1,0,891,109.60287,97.0
110.47526,0.2877604,65,53,1,0,892,109.60287,97.0
110.74609,0.45572916,53,29,1,0,893,110.74414,98.0
110.72787,0.51171875,70,50,1,0,894,109.60287,97.0
110.74219,0.52213544,62,41,1,0,895,109.60287,97.0
110.75912,0.5078125,46,36,1,0,896,110.74414,98.0
111.688805,0.3893229,46,35,1,0,897,110.74414,98.0
111.67969,0.3984375,62,36,1,0,898,110.74414,98.0
111.686195,0.3919271,56,27,1,0,899,110.74414,98.0
111.66146,0.41666666,70,44,1,0,900,110.74414,98.0
112.0651,0.82161456,70,50,1,0,901,110.74414,98.0
112.11849,0.7708333,55,39,1,0,902,112.10026,99.0
112.842445,0.27083334,56,37,1,0,903,112.10026,99.0
112.79297,0.34375,72,54,1,0,904,112.10026,99.0
113.10807,0.28515625,70,62,1,0,905,112.10026,99.0
112.10287,1.3476562,51,40,1,0,906,112.10026,99.0
113.3776,0.23828125,68,63,1,0,907,112.10026,99.0
113.395836,0.4986979,53,44,1,0,908,113.38672,100.0
113.62891,0.27734375,51,48,1,0,909,113.38672,100.0
113.63281,0.2799479,67,63,1,0,910,113.38672,100.0
113.90885,0.22265625,50,47,1,0,911,113.38672,100.0
113.87891,0.2877604,65,61,1,0,912,113.38672,100.0
113.12109,1.328125,55,33,1,0,913,112.10026,99.0
112.09766,2.3541667,63,52,1,0,914,110.74414,98.0
114.12891,0.3359375,67,60,1,0,915,113.38672,100.0
114.15625,0.31510416,51,47,1,0,916,113.38672,100.0
114.467445,1.2760416,53,39,1,0,917,114.467445,101.0
114.470055,1.2734375,46,37,1,0,918,114.467445,101.0
114.720055,1.0234375,60,40,1,0,919,114.467445,101.0
114.44401,1.2994791,68,60,1,0,920,113.38672,100.0
114.99219,0.75130206,63,45,1,0,921,114.467445,101.0
115.24219,0.50130206,62,49,1,0,922,114.467445,101.0
115.60287,0.41015625,51,45,1,0,923,115.59375,102.0
115.86588,0.77473956,58,47,1,0,924,115.59375,102.0
115.88021,0.7604167,43,47,1,0,925,115.59375,102.0
115.572914,1.0677084,67,49,1,0,926,114.467445,101.0
115.58463,1.0559896,63,38,1,0,927,114.467445,101.0
116.126305,0.51432294,60,55,1,0,928,115.59375,102.0
116.13412,0.50651044,44,51,1,0,929,115.59375,102.0
115.62891,1.0117188,39,40,1,0,930,115.59375,102.0
116.385414,0.25520834,43,57,1,0,931,115.59375,102.0
116.38412,0.29427084,58,65,1,0,932,115.59375,102.0
116.635414,0.2721354,41,60,1,0,933,116.634766,103.0
116.63412,0.31640625,56,63,1,0,934,115.59375,102.0
116.89713,0.23828125,39,57,1,0,935,116.634766,103.0
116.876305,0.3111979,55,63,1,0,936,116.634766,103.0
117.13412,0.6223958,38,55,1,0,937,116.634766,103.0
117.135414,0.62109375,53,63,1,0,938,116.634766,103.0
117.37109,0.38541666,55,62,1,0,939,116.634766,103.0
117.390625,0.3658854,39,65,1,0,940,116.634766,103.0
117.72135,0.3372396,63,62,1,0,941,116.634766,103.0
118.06901,0.30078125,60,49,1,0,942,117.72656,104.0
118.32682,0.54817706,63,53,1,0,943,117.72656,104.0
117.708336,1.1666666,56,64,1,0,944,116.634766,103.0
117.73698,1.1380209,41,53,1,0,945,117.72656,104.0
118.59375,0.28125,62,58,1,0,946,117.72656,104.0
117.73177,1.2877604,34,54,1,0,947,117.72656,104.0
118.88281,0.22135417,65,40,1,0,948,118.8776,105.0
118.8724,0.9635417,55,42,1,0,949,117.72656,104.0
118.859375,0.9765625,43,42,1,0,950,117.72656,104.0
118.88802,0.9479167,39,39,1,0,951,118.8776,105.0
119.14323,0.6927083,62,52,1,0,952,118.8776,105.0
119.40234,0.43359375,65,50,1,0,953,118.8776,105.0
119.66146,0.36979166,63,46,1,0,954,118.8776,105.0
119.92448,0.21875,68,44,1,0,955,118.8776,105.0
120.17057,1.8463541,65,36,1,0,956,119.92838,106.0
120.43099,1.5859375,68,47,1,0,957,119.92838,106.0
120.67969,1.3372396,67,48,1,0,958,119.92838,106.0
120.92057,1.0963541,72,59,1,0,959,120.92057,107.0
121.177086,0.83984375,69,41,1,0,960,120.92057,107.0
121.43229,0.58463544,72,49,1,0,961,120.92057,107.0
121.68229,0.3346354,70,47,1,0,962,120.92057,107.0
121.936195,2.1783855,77,45,1,0,963,121.936195,108.0
119.94141,4.1731772,39,40,1,0,964,119.92838,106.0
119.93229,4.1822915,43,41,1,0,965,119.92838,106.0
119.91276,4.2018228,46,42,1,0,966,118.8776,105.0
119.92838,4.1861978,51,45,1,0,967,119.92838,106.0
122.16797,1.9466146,74,48,1,0,968,121.936195,108.0
122.4401,1.6744791,77,44,1,0,969,121.936195,108.0
122.708336,1.40625,75,47,1,0,970,121.936195,108.0
122.96094,1.1536459,80,48,1,0,971,121.936195,108.0
123.23828,0.87630206,77,47,1,0,972,123.00521,109.0
122.984375,1.1302084,63,40,1,0,973,121.936195,108.0
123.00781,1.1067709,55,36,1,0,974,123.00521,109.0
123.00521,1.109375,51,29,1,0,975,123.00521,109.0
123.00651,1.1080729,58,33,1,0,976,123.00521,109.0
123.49349,0.62109375,80,48,1,0,977,123.00521,109.0
123.748695,0.3658854,79,51,1,0,978,123.00521,109.0
124.00651,1.3268229,84,54,1,0,979,123.00521,109.0
124.25781,1.0755209,81,56,1,0,980,124.032555,110.0
124.02865,1.3046875,63,42,1,0,981,123.00521,109.0
124.05729,1.2760416,51,38,1,0,982,124.032555,110.0
124.03776,1.2955729,55,39,1,0,983,124.032555,110.0
124.032555,1.3007812,58,38,1,0,984,124.032555,110.0
124.53516,0.79817706,84,60,1,0,985,124.032555,110.0
124.79557,4.6627603,82,63,1,0,986,124.032555,110.0
125.22135,4.236979,63,28,1,0,987,125.22135,111.0
125.22787,4.2304688,58,31,1,0,988,125.22135,111.0
125.21224,4.2460938,55,36,1,0,989,124.032555,110.0
125.24479,4.2135415,51,33,1,0,990,125.22135,111.0
127.65885,1.7994791,51,36,1,0,991,127.646484,113.0
127.63412,1.8242188,75,53,1,0,992,126.47266,112.0
126.47266,2.985677,39,37,1,0,993,126.47266,112.0
125.19662,4.4700522,87,72,1,0,994,124.032555,110.0
131.83203,1.546875,73,32,1,0,995,131.83203,116.0
129.47136,3.907552,85,45,1,0,996,129.4681,114.0
130.67578,2.703125,49,30,1,0,997,130.67578,115.0
129.46484,3.9140625,37,29,1,0,998,127.646484,113.0
133.40105,0.06640625,48,18,1,0,999,133.39388,117.0
133.38672,3.610677,36,32,1,0,1000,131.83203,116.0
133.91667,3.0807292,56,36,1,0,1001,133.39388,117.0
133.94922,3.048177,53,37,1,0,1002,133.39388,117.0
134.19402,2.8033855,56,38,1,0,1003,133.39388,117.0
134.21094,2.7864583,53,33,1,0,1004,133.39388,117.0
134.45703,2.5403645,56,38,1,0,1005,133.39388,117.0
134.46223,2.5351562,53,29,1,0,1006,133.39388,117.0
134.95964,2.0377605,56,36,1,0,1007,134.73047,118.0
134.97527,2.0221355,53,31,1,0,1008,134.73047,118.0
135.20964,1.7877604,56,20,1,0,1009,134.73047,118.0
135.20964,1.7877604,53,27,1,0,1010,134.73047,118.0
134.73047,2.266927,48,34,1,0,1011,134.73047,118.0
135.20442,1.7929688,80,57,1,0,1012,134.73047,118.0
135.49219,1.5052084,53,38,1,0,1013,134.73047,118.0
135.47136,1.5260416,56,33,1,0,1014,134.73047,118.0
133.40755,3.5898438,72,25,1,0,1015,133.39388,117.0
135.9948,1.0026041,56,41,1,0,1016,135.75066,119.0
136.01692,0.98046875,53,35,1,0,1017,135.75066,119.0
133.3789,3.6184895,84,55,1,0,1018,131.83203,116.0
135.73047,1.2669271,80,65,1,0,1019,134.73047,118.0
136.25652,0.74088544,53,41,1,0,1020,135.75066,119.0
136.28125,0.7161458,56,41,1,0,1021,135.75066,119.0
135.77083,1.2265625,48,39,1,0,1022,135.75066,119.0
136.52344,0.47395834,53,45,1,0,1023,135.75066,119.0
136.52995,0.4674479,56,40,1,0,1024,135.75066,119.0
136.5052,0.4921875,80,81,1,0,1025,135.75066,119.0
137.16277,3.032552,58,37,1,0,1026,136.875,120.0
137.16797,3.0273438,55,34,1,0,1027,136.875,120.0
137.39453,2.8007812,58,40,1,0,1028,136.875,120.0
137.41145,2.7838542,55,32,1,0,1029,136.875,120.0
136.875,3.3203125,82,67,1,0,1030,136.875,120.0
136.88411,3.311198,76,56,1,0,1031,136.875,120.0
136.89714,3.298177,79,55,1,0,1032,136.875,120.0
136.84245,3.3528645,48,40,1,0,1033,135.75066,119.0
137.68098,2.514323,58,37,1,0,1034,136.875,120.0
137.66406,2.53125,55,36,1,0,1035,136.875,120.0
138.24739,1.9479166,58,28,1,0,1036,137.97981,121.0
138.22917,1.9661459,55,36,1,0,1037,137.97981,121.0
138.47786,1.7174479,58,40,1,0,1038,137.97981,121.0
138.49739,1.6979166,55,44,1,0,1039,137.97981,121.0
137.9362,2.2591145,48,39,1,0,1040,136.875,120.0
138.73047,1.4648438,58,35,1,0,1041,137.97981,121.0
138.73698,1.4583334,55,37,1,0,1042,137.97981,121.0
139.23698,0.9583333,58,37,1,0,1043,138.99089,122.0
139.24219,0.953125,55,38,1,0,1044,138.99089,122.0
136.86198,3.3333333,85,79,1,0,1045,135.75066,119.0
137.98438,2.2109375,79,57,1,0,1046,137.97981,121.0
139.47005,0.72526044,58,37,1,0,1047,138.99089,122.0
137.99219,2.203125,76,50,1,0,1048,137.97981,121.0
139.47917,0.7161458,55,32,1,0,1049,138.99089,122.0
137.97527,2.220052,82,73,1,0,1050,136.875,120.0
138.99089,1.2044271,48,42,1,0,1051,138.99089,122.0
139.73177,0.46354166,55,43,1,0,1052,138.99089,122.0
139.74739,0.44791666,58,37,1,0,1053,138.99089,122.0
140.38542,2.9114583,52,37,1,0,1054,140.07942,123.0
140.38281,2.9140625,55,38,1,0,1055,140.07942,123.0
140.61848,2.6783855,52,38,1,0,1056,140.07942,123.0
140.63152,2.6653645,55,14,1,0,1057,140.07942,123.0
140.09245,3.204427,79,62,1,0,1058,140.07942,123.0
140.04036,3.2565105,48,45,1,0,1059,138.99089,122.0
140.86067,2.436198,52,42,1,0,1060,140.07942,123.0
140.86458,2.4322917,55,40,1,0,1061,140.07942,123.0
141.38411,1.9127604,55,43,1,0,1062,141.1302,124.0
141.38933,1.9075521,52,39,1,0,1063,141.1302,124.0
141.61589,1.6809896,52,36,1,0,1064,141.1302,124.0
141.61328,1.6835938,55,39,1,0,1065,141.1302,124.0
141.63281,1.6640625,79,73,1,0,1066,141.1302,124.0
141.1302,2.1666667,48,45,1,0,1067,141.1302,124.0
141.8763,1.4205729,55,48,1,0,1068,141.1302,124.0
140.08855,3.2083333,76,59,1,0,1069,140.07942,123.0
141.8737,1.4231771,52,41,1,0,1070,141.1302,124.0
140.07031,3.2265625,82,80,1,0,1071,138.99089,122.0
142.35286,0.94401044,52,50,1,0,1072,142.12566,125.0
142.37239,0.9244792,55,54,1,0,1073,142.12566,125.0
142.11848,1.1783854,79,80,1,0,1074,141.1302,124.0
142.64714,0.64973956,52,50,1,0,1075,142.12566,125.0
142.63281,0.6640625,55,56,1,0,1076,142.12566,125.0
142.13281,1.1640625,48,47,1,0,1077,142.12566,125.0
142.8802,0.41666666,55,56,1,0,1078,142.12566,125.0
142.86328,0.43359375,79,89,1,0,1079,142.12566,125.0
142.88802,0.40885416,52,51,1,0,1080,142.12566,125.0
143.5,0.83723956,56,57,1,0,1081,143.23698,126.0
143.50781,0.82942706,53,55,1,0,1082,143.23698,126.0
143.23698,1.1002604,80,76,1,0,1083,143.23698,126.0
143.26172,1.0755209,77,52,1,0,1084,143.23698,126.0
143.23698,1.1002604,72,77,1,0,1085,143.23698,126.0
143.74219,0.59505206,53,57,1,0,1086,143.23698,126.0
143.73698,0.60026044,56,52,1,0,1087,143.23698,126.0
143.13672,1.2005209,48,55,1,0,1088,142.12566,125.0
143.98047,0.35677084,56,61,1,0,1089,143.23698,126.0
143.9961,0.34375,53,65,1,0,1090,143.23698,126.0
143.22527,1.1744791,84,91,1,0,1091,142.12566,125.0
144.53645,0.78125,56,59,1,0,1092,144.28972,127.0
144.54036,0.77734375,53,58,1,0,1093,144.28972,127.0
144.77214,0.54557294,56,67,1,0,1094,144.28972,127.0
144.79036,0.52734375,53,65,1,0,1095,144.28972,127.0
144.24739,1.0703125,48,68,1,0,1096,143.23698,126.0
145.01302,0.3046875,56,73,1,0,1097,144.28972,127.0
145.02083,0.296875,53,69,1,0,1098,144.28972,127.0
145.53255,0.9921875,56,72,1,0,1099,145.26953,128.0
145.53255,0.9921875,53,70,1,0,1100,145.26953,128.0
144.30989,2.2148438,77,72,1,0,1101,144.28972,127.0
145.78516,0.7395833,56,66,1,0,1102,145.26953,128.0
144.28645,2.2382812,80,89,1,0,1103,143.23698,126.0
144.29297,2.2317708,72,79,1,0,1104,144.28972,127.0
145.80469,0.72005206,53,65,1,0,1105,145.26953,128.0
146.08984,0.43489584,53,62,1,0,1106,145.26953,128.0
146.07031,0.4544271,56,61,1,0,1107,145.26953,128.0
145.26953,1.2552084,48,78,1,0,1108,145.26953,128.0
146.44402,0.3046875,41,53,1,0,1109,145.26953,128.0
146.83464,0.22916667,48,36,1,0,1110,146.56445,129.0
147.08594,0.21744792,50,37,1,0,1111,146.56445,129.0
146.56902,0.7421875,77,49,1,0,1112,146.56445,129.0
147.31902,0.26041666,52,44,1,0,1113,146.56445,129.0
147.57031,0.4309896,53,43,1,0,1114,147.57031,130.0
147.8164,0.20963542,55,44,1,0,1115,147.57031,130.0
148.05339,0.55078125,77,52,1,0,1116,147.57031,130.0
148.07812,0.5260417,56,32,1,0,1117,147.57031,130.0
148.30078,0.3033854,58,44,1,0,1118,147.57031,130.0
146.55989,3.0442708,80,62,1,0,1119,145.26953,128.0
148.5586,1.0455729,77,62,1,0,1120,147.57031,130.0
148.59766,1.0065104,60,37,1,0,1121,148.57812,131.0
146.57683,3.0273438,72,45,1,0,1122,146.56445,129.0
148.81902,0.78515625,56,42,1,0,1123,148.57812,131.0
149.05339,0.55078125,55,45,1,0,1124,148.57812,131.0
149.3112,0.29296875,53,47,1,0,1125,148.57812,131.0
149.28386,0.3203125,77,64,1,0,1126,148.57812,131.0
149.61198,0.8932292,48,31,1,0,1127,149.60808,132.0
149.67317,0.83203125,79,27,1,0,1128,149.60808,132.0
149.60417,0.9010417,72,45,1,0,1129,148.57812,131.0
149.8698,0.6354167,35,67,1,0,1130,149.60808,132.0
150.1237,0.3815104,36,76,1,0,1131,149.60808,132.0
150.34505,0.3658854,35,84,1,0,1132,149.60808,132.0
150.6237,0.2669271,36,66,1,0,1133,150.6237,133.0
149.57552,1.3841146,82,72,1,0,1134,148.57812,131.0
150.85417,0.2421875,40,73,1,0,1135,150.6237,133.0
151.08984,0.25520834,43,70,1,0,1136,150.6237,133.0
151.31902,0.22526042,47,63,1,0,1137,150.6237,133.0
151.57031,0.20442708,48,49,1,0,1138,151.57031,134.0
151.82422,0.2799479,46,40,1,0,1139,151.57031,134.0
150.6198,1.5625,72,60,1,0,1140,149.60808,132.0
150.63542,1.5625,76,55,1,0,1141,150.6237,133.0
152.08073,0.60286456,44,36,1,0,1142,151.57031,134.0
152.32942,0.35416666,43,40,1,0,1143,151.57031,134.0
150.60156,2.2005208,79,75,1,0,1144,149.60808,132.0
152.70442,1.1171875,41,35,1,0,1145,151.57031,134.0
153.07422,0.7473958,48,30,1,0,1146,152.75,135.0
153.32942,0.4921875,50,37,1,0,1147,152.75,135.0
152.77344,1.0481771,77,36,1,0,1148,152.75,135.0
153.54558,0.27604166,52,44,1,0,1149,152.75,135.0
153.79167,0.20963542,53,42,1,0,1150,153.79167,136.0
154.04817,0.8151042,55,35,1,0,1151,153.79167,136.0
152.75911,2.1041667,72,37,1,0,1152,152.75,135.0
152.74089,2.1223958,80,52,1,0,1153,151.57031,134.0
154.3086,0.5546875,77,54,1,0,1154,153.79167,136.0
154.30989,0.55338544,56,40,1,0,1155,153.79167,136.0
154.54948,0.3138021,58,43,1,0,1156,153.79167,136.0
154.8086,1.0911459,77,59,1,0,1157,153.79167,136.0
154.83594,1.0638021,60,36,1,0,1158,154.82227,137.0
155.33333,0.56640625,55,47,1,0,1159,154.82227,137.0
154.84895,1.0507812,68,34,1,0,1160,154.82227,137.0
155.08464,0.8151042,56,39,1,0,1161,154.82227,137.0
154.84114,1.0585938,72,43,1,0,1162,154.82227,137.0
155.57552,0.32421875,53,51,1,0,1163,154.82227,137.0
155.55598,0.4609375,77,68,1,0,1164,154.82227,137.0
155.83723,1.1432291,78,72,1,0,1165,154.82227,137.0
155.85417,1.1263021,51,44,1,0,1166,155.84831,138.0
155.85156,1.1289062,73,56,1,0,1167,155.84831,138.0
155.84505,1.1354166,66,53,1,0,1168,154.82227,137.0
156.34114,0.63932294,41,68,1,0,1169,155.84831,138.0
156.08855,0.89192706,39,56,1,0,1170,155.84831,138.0
156.58594,0.4127604,42,75,1,0,1171,155.84831,138.0
156.89062,0.21614583,44,58,1,0,1172,156.88152,139.0
157.11458,0.26953125,45,60,1,0,1173,156.88152,139.0
157.38802,0.453125,46,49,1,0,1174,156.88152,139.0
157.67188,0.3528646,44,51,1,0,1175,156.88152,139.0
157.98177,0.22526042,42,45,1,0,1176,157.9681,140.0
156.87239,1.6523438,66,77,1,0,1177,155.84831,138.0
158.22656,0.3216146,41,50,1,0,1178,157.9681,140.0
156.88542,1.7851562,72,64,1,0,1179,156.88152,139.0
157.95442,1.2630209,68,63,1,0,1180,156.88152,139.0
156.87761,2.3398438,75,76,1,0,1181,155.84831,138.0
158.55598,0.6614583,66,55,1,0,1182,157.9681,140.0
158.51692,0.7005208,39,48,1,0,1183,157.9681,140.0
158.80339,0.4140625,44,42,1,0,1184,157.9681,140.0
159.16536,2.1940105,37,34,1,0,1185,157.9681,140.0
159.58464,1.7747396,49,40,1,0,1186,159.22786,141.0
159.82683,1.5325521,51,44,1,0,1187,159.22786,141.0
160.04167,1.3177084,53,40,1,0,1188,159.22786,141.0
159.29036,2.0690105,73,32,1,0,1189,159.22786,141.0
160.29297,1.0664062,54,41,1,0,1190,160.29297,142.0
160.53645,0.8229167,56,44,1,0,1191,160.29297,142.0
159.22786,2.1315105,77,62,1,0,1192,159.22786,141.0
159.26692,2.092448,65,37,1,0,1193,159.22786,141.0
160.78516,0.57421875,73,54,1,0,1194,160.29297,142.0
160.82031,0.5390625,58,38,1,0,1195,160.29297,142.0
161.07552,0.30208334,56,47,1,0,1196,160.29297,142.0
161.33203,0.96744794,54,43,1,0,1197,161.3177,143.0
161.28906,1.0104166,73,63,1,0,1198,160.29297,142.0
161.57552,0.7239583,53,46,1,0,1199,161.3177,143.0
161.3164,0.98307294,65,47,1,0,1200,160.29297,142.0
161.31902,0.98046875,68,46,1,0,1201,161.3177,143.0
161.79817,0.50130206,51,52,1,0,1202,161.3177,143.0
162.03906,0.26041666,49,59,1,0,1203,161.3177,143.0
162.01823,0.28125,73,73,1,0,1204,161.3177,143.0
162.28516,0.14322917,44,56,1,0,1205,161.3177,143.0
162.54167,0.7213542,31,75,1,0,1206,162.30208,144.0
162.29558,0.96744794,78,74,1,0,1207,161.3177,143.0
162.3086,0.95442706,72,60,1,0,1208,162.30208,144.0
162.31511,0.9479167,66,56,1,0,1209,162.30208,144.0
162.8138,0.44921875,32,76,1,0,1210,162.30208,144.0
163.02734,0.44921875,31,79,1,0,1211,162.30208,144.0
163.29558,0.29166666,32,64,1,0,1212,163.28711,145.0
163.50781,0.29947916,34,70,1,0,1213,163.28711,145.0
163.7513,0.2591146,36,64,1,0,1214,163.28711,145.0
163.98438,0.2981771,37,62,1,0,1215,163.28711,145.0
164.23308,0.22916667,39,56,1,0,1216,164.23308,146.0
164.47786,0.8463542,41,51,1,0,1217,164.23308,146.0
163.28255,2.0416667,72,56,1,0,1218,162.30208,144.0
163.29167,2.032552,66,59,1,0,1219,163.28711,145.0
163.27605,2.048177,75,79,1,0,1220,162.30208,144.0
164.72656,0.59765625,42,49,1,0,1221,164.23308,146.0
164.95183,0.37239584,44,52,1,0,1222,164.23308,146.0
165.29688,0.4075521,37,32,1,0,1223,164.23308,146.0
165.63933,0.72265625,45,40,1,0,1224,165.30469,147.0
165.3125,1.0494791,65,37,1,0,1225,165.30469,147.0
165.88933,0.47265625,46,44,1,0,1226,165.30469,147.0
166.10938,0.25260416,45,60,1,0,1227,165.30469,147.0
165.3164,1.2252604,72,48,1,0,1228,165.30469,147.0
166.34375,0.25390625,46,49,1,0,1229,165.30469,147.0
166.6263,0.78515625,48,34,1,0,1230,166.35677,148.0
165.28777,2.123698,77,65,1,0,1231,164.23308,146.0
166.89192,0.51953125,49,42,1,0,1232,166.35677,148.0
166.875,0.5364583,73,61,1,0,1233,166.35677,148.0
167.11719,0.29427084,51,45,1,0,1234,166.35677,148.0
167.38281,1.0507812,73,66,1,0,1235,166.35677,148.0
167.41406,1.0195312,53,40,1,0,1236,167.39844,149.0
167.625,0.80859375,49,43,1,0,1237,167.39844,149.0
167.87239,0.56119794,48,35,1,0,1238,167.39844,149.0
166.35677,2.076823,65,40,1,0,1239,166.35677,148.0
166.38411,2.0494792,70,50,1,0,1240,166.35677,148.0
168.12239,0.3111979,46,40,1,0,1241,167.39844,149.0
168.10547,0.328125,73,58,1,0,1242,167.39844,149.0
168.4336,0.1484375,48,47,1,0,1243,168.42578,150.0
168.93489,0.2591146,37,52,1,0,1244,168.42578,150.0
168.66927,0.5677083,36,58,1,0,1245,168.42578,150.0
169.4388,0.203125,41,50,1,0,1246,168.42578,150.0
169.15625,0.5885417,39,53,1,0,1247,168.42578,150.0
168.40755,1.3971354,75,62,1,0,1248,167.39844,149.0
169.67317,0.3111979,42,52,1,0,1249,169.44727,151.0
169.91277,0.22786458,41,45,1,0,1250,169.44727,151.0
170.17578,0.23567708,40,39,1,0,1251,169.44727,151.0
168.44922,2.1067708,65,37,1,0,1252,168.42578,150.0
170.72786,0.6484375,29,38,1,0,1253,170.45573,152.0
170.98567,0.5729167,31,41,1,0,1254,170.45573,152.0
170.45312,1.2447916,41,39,1,0,1255,169.44727,151.0
169.45573,2.2838542,72,56,1,0,1256,169.44727,151.0
171.25,0.4934896,33,42,1,0,1257,170.45573,152.0
171.0013,0.8697917,65,39,1,0,1258,170.45573,152.0
171.62239,1.1315104,34,39,1,0,1259,170.45573,152.0
168.41797,4.3359375,70,37,1,0,1260,167.39844,149.0
171.95703,0.796875,41,41,1,0,1261,171.63216,153.0
172.21745,0.5364583,43,43,1,0,1262,171.63216,153.0
170.45833,2.295573,69,35,1,0,1263,170.45573,152.0
172.45183,0.30208334,45,54,1,0,1264,171.63216,153.0
172.70703,0.9817708,46,55,1,0,1265,172.70703,154.0
172.95312,0.73567706,48,50,1,0,1266,172.70703,154.0
173.27344,0.4153646,50,29,1,0,1267,172.70703,154.0
173.1888,0.5,70,62,1,0,1268,172.70703,154.0
173.43489,0.2578125,51,52,1,0,1269,172.70703,154.0
171.64192,2.2721355,73,61,1,0,1270,171.63216,153.0
173.69531,1.0859375,70,70,1,0,1271,173.69402,155.0
173.6927,1.0885416,53,45,1,0,1272,172.70703,154.0
173.94531,0.8359375,49,51,1,0,1273,173.69402,155.0
174.15625,0.625,48,55,1,0,1274,173.69402,155.0
172.21875,2.5625,65,39,1,0,1275,171.63216,153.0
174.40495,0.3763021,46,58,1,0,1276,173.69402,155.0
174.39973,0.3815104,70,80,1,0,1277,173.69402,155.0
174.68489,0.53776044,41,53,1,0,1278,174.66602,156.0
175.17708,0.36197916,31,75,1,0,1279,174.66602,156.0
174.92188,0.6223958,29,69,1,0,1280,174.66602,156.0
175.42578,0.31770834,33,80,1,0,1281,174.66602,156.0
175.68098,0.2578125,34,71,1,0,1282,174.66602,156.0
174.65755,1.2890625,75,84,1,0,1283,173.69402,155.0
174.67317,1.3059896,65,52,1,0,1284,174.66602,156.0
175.90625,0.24479167,36,63,1,0,1285,175.6836,157.0
176.13802,0.328125,37,55,1,0,1286,175.6836,157.0
176.41016,0.24088542,39,49,1,0,1287,175.6836,157.0
176.66667,0.22265625,41,47,1,0,1288,176.66667,158.0
174.65886,2.2682292,70,30,1,0,1289,173.69402,155.0
176.67578,1.0664062,65,37,1,0,1290,176.66667,158.0
177.16927,0.5729167,37,38,1,0,1291,176.66667,158.0
176.92708,0.8151042,39,39,1,0,1292,176.66667,158.0
177.44922,0.29296875,36,41,1,0,1293,176.66667,158.0
176.66016,1.2239584,69,44,1,0,1294,175.6836,157.0
175.6862,2.2421875,72,72,1,0,1295,175.6836,157.0
177.77083,0.31510416,34,35,1,0,1296,176.66667,158.0
178.10547,0.23046875,45,35,1,0,1297,177.82356,159.0
178.34375,0.33984375,46,33,1,0,1298,177.82356,159.0
178.57422,0.1953125,48,32,1,0,1299,177.82356,159.0
177.84114,2.0,70,44,1,0,1300,177.82356,159.0
178.82683,1.0143229,49,41,1,0,1301,178.82683,160.0
179.08594,0.7552083,51,32,1,0,1302,178.82683,160.0
179.34114,0.5,53,34,1,0,1303,178.82683,160.0
179.33594,0.5052083,70,47,1,0,1304,178.82683,160.0
179.59375,0.28125,51,41,1,0,1305,178.82683,160.0
179.88411,0.95703125,49,38,1,0,1306,179.8763,161.0
179.86848,0.97265625,70,53,1,0,1307,178.82683,160.0
177.84245,2.998698,65,33,1,0,1308,177.82356,159.0
180.11067,0.73046875,48,38,1,0,1309,179.8763,161.0
180.34505,0.49609375,46,37,1,0,1310,179.8763,161.0
177.80598,3.0351562,73,54,1,0,1311,176.66667,158.0
180.58723,0.25390625,44,41,1,0,1312,179.8763,161.0
180.60156,0.26041666,70,57,1,0,1313,179.8763,161.0
180.89714,0.2669271,63,36,1,0,1314,180.89192,162.0
180.89192,0.9296875,43,37,1,0,1315,180.89192,162.0
181.3737,0.44791666,39,52,1,0,1316,180.89192,162.0
180.88411,0.94661456,73,54,1,0,1317,179.8763,161.0
181.1289,0.71484375,38,42,1,0,1318,180.89192,162.0
181.60547,0.2669271,41,59,1,0,1319,180.89192,162.0
181.89062,1.4960938,70,46,1,0,1320,181.88542,163.0
182.05078,1.3359375,72,53,1,0,1321,181.88542,163.0
181.88542,1.5013021,43,50,1,0,1322,181.88542,163.0
182.16797,1.21875,70,51,1,0,1323,181.88542,163.0
182.30469,1.0820312,72,51,1,0,1324,181.88542,163.0
182.16145,1.2252604,44,47,1,0,1325,181.88542,163.0
182.3789,1.0078125,70,57,1,0,1326,181.88542,163.0
182.46875,0.91796875,72,53,1,0,1327,181.88542,163.0
182.54817,0.8385417,70,54,1,0,1328,181.88542,163.0
182.64714,0.7395833,72,48,1,0,1329,181.88542,163.0
182.69792,0.68880206,70,59,1,0,1330,181.88542,163.0
182.39714,0.9895833,46,52,1,0,1331,181.88542,163.0
182.80989,0.57682294,72,57,1,0,1332,181.88542,163.0
182.63411,0.7526042,44,53,1,0,1333,181.88542,163.0
182.88152,0.5052083,70,51,1,0,1334,181.88542,163.0
182.9336,0.453125,72,61,1,0,1335,181.88542,163.0
183.0052,0.3815104,70,68,1,0,1336,182.94402,164.0
182.88281,0.50390625,43,55,1,0,1337,181.88542,163.0
183.08464,0.30208334,72,60,1,0,1338,182.94402,164.0
183.16536,0.22135417,70,62,1,0,1339,182.94402,164.0
183.23438,0.15234375,72,65,1,0,1340,182.94402,164.0
183.10286,0.28385416,41,59,1,0,1341,182.94402,164.0
183.29688,0.095052086,70,78,1,0,1342,182.94402,164.0
183.41277,0.052083332,71,65,1,0,1343,182.94402,164.0
183.50781,0.99609375,72,62,1,0,1344,182.94402,164.0
183.39323,1.1106771,39,51,1,0,1345,182.94402,164.0
183.60286,0.9010417,71,63,1,0,1346,182.94402,164.0
183.70964,0.7942708,72,54,1,0,1347,182.94402,164.0
183.6198,0.88411456,37,50,1,0,1348,182.94402,164.0
183.80078,0.703125,71,51,1,0,1349,182.94402,164.0
183.86458,0.63932294,72,61,1,0,1350,182.94402,164.0
183.91406,0.58984375,71,64,1,0,1351,182.94402,164.0
183.8112,0.6927083,36,44,1,0,1352,182.94402,164.0
184.01302,0.4908854,72,64,1,0,1353,182.94402,164.0
184.0612,0.44270834,71,54,1,0,1354,182.94402,164.0
184.02083,0.4830729,34,45,1,0,1355,182.94402,164.0
184.65364,0.0859375,39,37,1,0,1356,184.49153,165.08333
184.33984,0.46614584,32,38,1,0,1357,182.94402,164.0
184.77864,0.7057292,36,47,1,0,1358,184.49153,165.08333
184.89714,0.58723956,39,45,1,0,1359,184.49153,165.08333
185.03255,0.4518229,44,43,1,0,1360,184.49153,165.08333
185.15886,0.32552084,51,50,1,0,1361,184.49153,165.08333
185.3112,0.17317708,48,35,1,0,1362,184.49153,165.08333
185.38281,0.1015625,51,62,1,0,1363,184.49153,165.08333
184.51172,0.97265625,60,42,1,0,1364,184.49153,165.08333
184.51302,1.0208334,63,33,1,0,1365,184.49153,165.08333
185.61589,0.040364582,51,38,1,0,1366,185.49739,166.08333
185.49739,1.0065104,44,50,1,0,1367,185.49739,166.08333
185.70703,0.796875,48,42,1,0,1368,185.49739,166.08333
185.78645,0.71744794,51,43,1,0,1369,185.49739,166.08333
185.96484,0.5390625,56,39,1,0,1370,185.49739,166.08333
186.0625,0.44140625,51,41,1,0,1371,185.49739,166.08333
186.0,0.50390625,60,29,1,0,1372,185.49739,166.08333
185.97136,0.53255206,63,42,1,0,1373,185.49739,166.08333
186.22266,0.28125,48,19,1,0,1374,185.49739,166.08333
185.98308,0.5208333,68,49,1,0,1375,185.49739,166.08333
186.3073,0.19661458,51,47,1,0,1376,185.49739,166.08333
186.46223,0.24479167,48,32,1,0,1377,185.49739,166.08333
186.66016,0.061197918,56,40,1,0,1378,186.52214,167.08333
186.53516,1.0273438,60,41,1,0,1379,186.52214,167.08333
186.54688,1.015625,63,47,1,0,1380,186.52214,167.08333
184.47136,3.0911458,72,69,1,0,1381,182.94402,164.0
186.8737,0.68880206,56,45,1,0,1382,186.52214,167.08333
186.76823,0.7942708,51,47,1,0,1383,186.52214,167.08333
186.50911,1.0533854,68,59,1,0,1384,185.49739,166.08333
186.98828,0.57421875,60,47,1,0,1385,186.52214,167.08333
187.08723,0.4752604,56,55,1,0,1386,186.52214,167.08333
187.22136,0.34114584,51,49,1,0,1387,186.52214,167.08333
187.35677,0.20572917,56,54,1,0,1388,186.52214,167.08333
187.19531,0.3671875,68,74,1,0,1389,186.52214,167.08333
187.70442,0.115885414,55,45,1,0,1390,187.55208,168.08333
187.52083,0.30729166,46,49,1,0,1391,186.52214,167.08333
187.97395,0.5885417,55,52,1,0,1392,187.55208,168.08333
187.83464,0.72786456,51,47,1,0,1393,187.55208,168.08333
188.09375,0.46875,58,45,1,0,1394,187.55208,168.08333
187.57031,0.9921875,63,43,1,0,1395,187.55208,168.08333
188.1875,0.375,55,54,1,0,1396,187.55208,168.08333
187.57552,0.9869792,67,47,1,0,1397,187.55208,168.08333
188.3086,0.25390625,51,55,1,0,1398,187.55208,168.08333
188.47395,0.088541664,55,53,1,0,1399,187.55208,168.08333
188.6862,0.796875,55,42,1,0,1400,188.58464,169.08333
187.53386,1.9492188,73,73,1,0,1401,186.52214,167.08333
188.5638,0.9192708,49,42,1,0,1402,187.55208,168.08333
188.8112,0.671875,51,54,1,0,1403,188.58464,169.08333
188.92448,0.55859375,55,51,1,0,1404,188.58464,169.08333
189.0612,0.421875,58,48,1,0,1405,188.58464,169.08333
189.14973,0.33333334,55,48,1,0,1406,188.58464,169.08333
189.27083,0.21223958,51,56,1,0,1407,188.58464,169.08333
189.41536,0.067708336,55,48,1,0,1408,188.58464,169.08333
189.6289,0.875,55,50,1,0,1409,189.52214,170.08333
189.52214,0.9817708,49,49,1,0,1410,189.52214,170.08333
188.60417,1.8997396,63,35,1,0,1411,188.58464,169.08333
189.76042,0.74348956,51,53,1,0,1412,189.52214,170.08333
189.85286,0.6510417,55,46,1,0,1413,189.52214,170.08333
188.59766,1.90625,67,47,1,0,1414,188.58464,169.08333
189.98567,0.5182292,58,54,1,0,1415,189.52214,170.08333
190.12239,0.3815104,55,50,1,0,1416,189.52214,170.08333
190.20183,0.30208334,51,59,1,0,1417,189.52214,170.08333
190.3112,0.19270833,55,61,1,0,1418,189.52214,170.08333
188.57161,1.9739584,70,62,1,0,1419,187.55208,168.08333
190.52605,0.97786456,48,48,1,0,1420,190.52019,171.08333
190.6823,0.82161456,56,47,1,0,1421,190.52019,171.08333
190.91016,0.59375,56,48,1,0,1422,190.52019,171.08333
190.78906,0.71484375,51,52,1,0,1423,190.52019,171.08333
191.10156,0.40234375,56,52,1,0,1424,190.52019,171.08333
191.00781,0.49609375,60,49,1,0,1425,190.52019,171.08333
191.23177,0.2721354,51,54,1,0,1426,190.52019,171.08333
191.36848,0.13541667,56,57,1,0,1427,190.52019,171.08333
190.52605,1.5130209,68,53,1,0,1428,190.52019,171.08333
191.6211,0.41796875,60,55,1,0,1429,191.48308,172.08333
190.51433,1.5247396,63,56,1,0,1430,189.52214,170.08333
190.49089,1.5481771,75,85,1,0,1431,189.52214,170.08333
191.48308,0.55598956,48,66,1,0,1432,191.48308,172.08333
191.71614,0.32291666,56,63,1,0,1433,191.48308,172.08333
191.82683,0.21223958,60,58,1,0,1434,191.48308,172.08333
191.95442,0.609375,62,71,1,0,1435,191.48308,172.08333
191.94011,0.62369794,74,86,1,0,1436,191.48308,172.08333
191.95573,0.60807294,68,65,1,0,1437,191.48308,172.08333
192.08464,0.47916666,59,68,1,0,1438,191.48308,172.08333
191.96223,0.6015625,47,74,1,0,1439,191.48308,172.08333
192.19661,0.3671875,56,70,1,0,1440,191.48308,172.08333
192.32161,0.2421875,59,74,1,0,1441,191.48308,172.08333
192.50261,0.6145833,63,84,1,0,1442,192.49934,173.08333
192.51302,0.6041667,68,73,1,0,1443,192.49934,173.08333
192.49219,0.625,75,99,1,0,1444,191.48308,172.08333
192.63672,0.48046875,60,76,1,0,1445,192.49934,173.08333
192.4961,0.62109375,48,78,1,0,1446,191.48308,172.08333
192.76172,0.35546875,56,75,1,0,1447,192.49934,173.08333
192.89192,0.22526042,60,73,1,0,1448,192.49934,173.08333
193.04688,0.104166664,65,70,1,0,1449,192.49934,173.08333
193.04427,0.15364583,68,76,1,0,1450,192.49934,173.08333
193.15625,0.42578125,61,74,1,0,1451,192.49934,173.08333
193.03125,0.55078125,77,92,1,0,1452,192.49934,173.08333
193.02995,0.5520833,49,86,1,0,1453,192.49934,173.08333
193.27734,0.3046875,56,71,1,0,1454,192.49934,173.08333
193.41145,0.17057292,61,73,1,0,1455,192.49934,173.08333
193.66927,0.34895834,63,71,1,0,1456,193.5293,174.08333
193.53125,0.48697916,51,75,1,0,1457,193.5293,174.08333
193.76302,0.25520834,55,68,1,0,1458,193.5293,174.08333
193.88281,0.13541667,63,59,1,0,1459,193.5293,174.08333
193.52734,0.4908854,75,93,1,0,1460,192.49934,173.08333
194.125,0.37760416,65,62,1,0,1461,193.5293,174.08333
194.00261,0.5,53,75,1,0,1462,193.5293,174.08333
194.23308,0.26953125,56,66,1,0,1463,193.5293,174.08333
193.9987,0.50390625,74,86,1,0,1464,193.5293,174.08333
194.33984,0.16276042,65,60,1,0,1465,193.5293,174.08333
194.50261,0.12630208,73,71,1,0,1466,194.48894,175.08333
194.61589,0.4205729,67,50,1,0,1467,194.48894,175.08333
194.62761,0.40885416,75,73,1,0,1468,194.48894,175.08333
194.47527,0.56119794,55,71,1,0,1469,193.5293,174.08333
194.76433,0.2721354,73,71,1,0,1470,194.48894,175.08333
194.72656,0.30989584,58,54,1,0,1471,194.48894,175.08333
194.83594,0.20052083,67,53,1,0,1472,194.48894,175.08333
194.85286,0.18359375,75,68,1,0,1473,194.48894,175.08333
194.94661,0.08984375,73,74,1,0,1474,194.48894,175.08333
195.02083,0.06640625,75,65,1,0,1475,194.48894,175.08333
195.06511,0.41796875,63,53,1,0,1476,194.48894,175.08333
195.09505,0.38802084,73,67,1,0,1477,194.48894,175.08333
194.97136,0.51171875,51,70,1,0,1478,194.48894,175.08333
195.17317,0.30989584,75,61,1,0,1479,194.48894,175.08333
195.17578,0.30729166,55,60,1,0,1480,194.48894,175.08333
195.2461,0.23697917,73,69,1,0,1481,194.48894,175.08333
195.29036,0.19270833,63,46,1,0,1482,194.48894,175.08333
195.31902,0.1640625,75,62,1,0,1483,194.48894,175.08333
195.40625,0.076822914,73,63,1,0,1484,194.48894,175.08333
195.47005,0.069010414,75,59,1,0,1485,195.41927,176.08333
195.51823,0.3815104,65,47,1,0,1486,195.41927,176.08333
195.54817,0.3515625,73,73,1,0,1487,195.41927,176.08333
195.41927,0.48046875,53,61,1,0,1488,195.41927,176.08333
195.60156,0.2981771,56,60,1,0,1489,195.41927,176.08333
195.61719,0.2825521,75,72,1,0,1490,195.41927,176.08333
195.7448,0.15494792,65,45,1,0,1491,195.41927,176.08333
195.6927,0.20703125,73,75,1,0,1492,195.41927,176.08333
195.85156,0.59244794,55,65,1,0,1493,195.41927,176.08333
195.96614,0.4778646,67,54,1,0,1494,195.41927,176.08333
195.82812,0.61588544,72,77,1,0,1495,195.41927,176.08333
196.21094,0.23307292,67,71,1,0,1496,195.41927,176.08333
196.07422,0.36979166,58,61,1,0,1497,195.41927,176.08333
196.09245,0.3515625,70,74,1,0,1498,195.41927,176.08333
196.48308,0.12109375,68,40,1,0,1499,196.45312,177.08333
196.60156,0.087239586,75,63,1,0,1500,196.45312,177.08333
196.71094,1.7291666,72,64,1,0,1501,196.45312,177.08333
196.82031,1.6197916,75,69,1,0,1502,196.45312,177.08333
196.94661,1.4934896,80,72,1,0,1503,196.45312,177.08333
197.05989,1.3802084,87,67,1,0,1504,196.45312,177.08333
196.45312,1.9869791,60,61,1,0,1505,196.45312,177.08333
197.16927,1.2708334,84,59,1,0,1506,196.45312,177.08333
197.28125,1.1588541,87,64,1,0,1507,196.45312,177.08333
197.40105,1.0390625,92,60,1,0,1508,197.40105,178.08333
197.5052,0.9348958,80,61,1,0,1509,197.40105,178.08333
197.63152,0.80859375,92,56,1,0,1510,197.40105,178.08333
196.4375,2.0026042,63,87,1,0,1511,195.41927,176.08333
197.76433,0.67578125,80,51,1,0,1512,197.40105,178.08333
197.86328,0.57682294,92,64,1,0,1513,197.40105,178.08333
197.96875,0.47135416,80,55,1,0,1514,197.40105,178.08333
197.84766,0.59244794,60,63,1,0,1515,197.40105,178.08333
197.85547,0.58463544,56,57,1,0,1516,197.40105,178.08333
198.09375,0.34635416,92,68,1,0,1517,197.40105,178.08333
198.20442,0.23567708,80,58,1,0,1518,197.40105,178.08333
198.3164,0.123697914,92,64,1,0,1519,197.40105,178.08333
198.44922,0.9322917,80,60,1,0,1520,198.32161,179.08333
198.5638,0.8177083,92,69,1,0,1521,198.32161,179.08333
198.65234,0.7291667,80,67,1,0,1522,198.32161,179.08333
198.32161,1.0598959,60,71,1,0,1523,198.32161,179.08333
198.32942,1.0520834,56,67,1,0,1524,198.32161,179.08333
198.76302,0.61848956,92,71,1,0,1525,198.32161,179.08333
198.8763,0.5052083,80,70,1,0,1526,198.32161,179.08333
199.0052,0.3763021,92,78,1,0,1527,198.32161,179.08333
199.1302,0.2513021,80,69,1,0,1528,198.32161,179.08333
199.02083,0.3606771,56,71,1,0,1529,198.32161,179.08333
199.01433,0.3671875,60,76,1,0,1530,198.32161,179.08333
199.29558,0.13932292,92,73,1,0,1531,199.29558,180.08333
199.42839,1.0130209,80,62,1,0,1532,199.29558,180.08333
199.5625,0.87890625,92,79,1,0,1533,199.29558,180.08333
199.30208,1.1393229,61,80,1,0,1534,199.29558,180.08333
199.67058,0.7708333,80,74,1,0,1535,199.29558,180.08333
199.78777,0.6536458,92,81,1,0,1536,199.29558,180.08333
199.90364,0.53776044,80,79,1,0,1537,199.29558,180.08333
200.02605,0.4153646,92,86,1,0,1538,199.29558,180.08333
200.1263,0.31510416,80,82,1,0,1539,199.29558,180.08333
199.29167,1.1497396,65,85,1,0,1540,198.32161,179.08333
200.26692,0.17447917,92,86,1,0,1541,200.26692,181.08333
200.38933,0.098958336,80,74,1,0,1542,200.26692,181.08333
200.51302,1.8411459,92,86,1,0,1543,200.26692,181.08333
200.61589,1.7382812,80,76,1,0,1544,200.26692,181.08333
200.72917,1.625,92,86,1,0,1545,200.26692,181.08333
200.83333,1.5208334,80,83,1,0,1546,200.26692,181.08333
200.95052,1.4036459,92,87,1,0,1547,200.26692,181.08333
201.05598,1.2981771,80,82,1,0,1548,200.26692,181.08333
200.26302,2.0911458,58,78,1,0,1549,199.29558,180.08333
200.27214,2.0820312,61,82,1,0,1550,200.26692,181.08333
201.17578,1.1783854,92,91,1,0,1551,201.17578,182.08333
201.28386,1.0703125,80,81,1,0,1552,201.17578,182.08333
201.41797,0.93619794,92,91,1,0,1553,201.17578,182.08333
201.52605,0.828125,80,86,1,0,1554,201.17578,182.08333
201.64583,0.7083333,92,93,1,0,1555,201.17578,182.08333
201.76433,0.58984375,80,89,1,0,1556,201.17578,182.08333
201.88802,0.46614584,92,95,1,0,1557,201.17578,182.08333
202.01172,0.4778646,80,87,1,0,1558,201.17578,182.08333
202.23958,1.4804688,63,74,1,0,1559,202.22395,183.08333
202.22395,1.4960938,92,100,1,0,1560,202.22395,183.08333
202.9427,0.77734375,90,86,1,0,1561,202.22395,183.08333
202.21484,1.7226562,66,93,1,0,1562,201.17578,182.08333
203.3138,0.6953125,89,86,1,0,1563,202.22395,183.08333
203.94792,0.8880208,87,67,1,0,1564,203.63152,184.08333
204.13802,0.6979167,86,68,1,0,1565,203.63152,184.08333
204.29688,0.5390625,87,69,1,0,1566,203.63152,184.08333
204.42578,0.41015625,89,63,1,0,1567,203.63152,184.08333
204.57422,0.26171875,90,72,1,0,1568,203.63152,184.08333
204.70052,0.15494792,89,69,1,0,1569,203.63152,184.08333
204.83203,0.1171875,87,67,1,0,1570,203.63152,184.08333
204.98308,1.2486979,89,63,1,0,1571,204.83919,185.08333
205.10417,1.1276041,87,54,1,0,1572,204.83919,185.08333
203.63152,2.6002605,60,61,1,0,1573,203.63152,184.08333
205.24089,0.99088544,85,56,1,0,1574,204.83919,185.08333
205.39714,0.83463544,84,50,1,0,1575,204.83919,185.08333
203.63152,2.6002605,63,68,1,0,1576,203.63152,184.08333
204.84636,1.3854166,68,48,1,0,1577,204.83919,185.08333
205.71355,0.5182292,80,58,1,0,1578,204.83919,185.08333
205.53906,0.6927083,82,55,1,0,1579,204.83919,185.08333
205.89714,0.3919271,78,56,1,0,1580,204.83919,185.08333
206.67839,3.0807292,68,30,1,0,1581,206.21614,186.08333
206.67839,3.0807292,65,31,1,0,1582,206.21614,186.08333
207.00261,2.7565105,68,34,1,0,1583,206.21614,186.08333
207.00911,2.75,65,30,1,0,1584,206.21614,186.08333
206.21223,3.546875,61,34,1,0,1585,204.83919,185.08333
207.26823,2.4908855,68,23,1,0,1586,206.21614,186.08333
207.2552,2.5039062,65,28,1,0,1587,206.21614,186.08333
207.79036,1.96875,65,30,1,0,1588,207.53125,187.08333
207.78777,1.9713541,68,34,1,0,1589,207.53125,187.08333
208.04817,1.7109375,68,34,1,0,1590,207.53125,187.08333
208.04297,1.7161459,65,33,1,0,1591,207.53125,187.08333
207.53125,2.2278645,61,35,1,0,1592,207.53125,187.08333
208.30469,1.4544271,68,34,1,0,1593,207.53125,187.08333
208.29558,1.4635416,65,38,1,0,1594,207.53125,187.08333
206.22005,3.5390625,77,53,1,0,1595,206.21614,186.08333
208.86328,0.8958333,65,32,1,0,1596,208.57942,188.08333
208.85027,0.9088542,68,26,1,0,1597,208.57942,188.08333
209.10417,0.65494794,68,39,1,0,1598,208.57942,188.08333
209.08855,0.67057294,65,29,1,0,1599,208.57942,188.08333
208.57942,1.1796875,61,35,1,0,1600,208.57942,188.08333
208.04558,1.7135416,80,65,1,0,1601,207.53125,187.08333
209.39062,0.3684896,68,36,1,0,1602,208.57942,188.08333
209.34766,0.41145834,65,38,1,0,1603,208.57942,188.08333
209.08073,0.67838544,85,70,1,0,1604,208.57942,188.08333
210.02864,1.0052084,66,26,1,0,1605,209.7181,189.08333
210.03125,1.0026041,68,25,1,0,1606,209.7181,189.08333
210.26692,0.76692706,68,31,1,0,1607,209.7181,189.08333
210.27344,0.7604167,66,28,1,0,1608,209.7181,189.08333
210.53906,0.49479166,66,24,1,0,1609,209.7181,189.08333
209.74219,1.2916666,63,37,1,0,1610,209.7181,189.08333
210.5625,0.47135416,68,13,1,0,1611,209.7181,189.08333
209.69402,1.4700521,85,76,1,0,1612,208.57942,188.08333
211.17188,0.82421875,68,35,1,0,1613,210.9134,190.08333
211.18098,0.8151042,66,30,1,0,1614,210.9134,190.08333
211.41016,0.5859375,68,39,1,0,1615,210.9134,190.08333
211.41016,0.5859375,66,37,1,0,1616,210.9134,190.08333
210.89192,1.1041666,63,34,1,0,1617,209.7181,189.08333
211.66277,0.33333334,66,30,1,0,1618,210.9134,190.08333
211.70052,0.2955729,68,4,1,0,1619,210.9134,190.08333
212.19922,0.97265625,68,21,1,0,1620,211.94011,191.08333
212.20964,0.96223956,66,13,1,0,1621,211.94011,191.08333
210.93489,2.2369792,84,53,1,0,1622,210.9134,190.08333
212.42839,0.74348956,66,34,1,0,1623,211.94011,191.08333
212.4388,0.73307294,68,35,1,0,1624,211.94011,191.08333
211.94011,1.2317709,63,34,1,0,1625,211.94011,191.08333
212.72266,0.44921875,68,47,1,0,1626,211.94011,191.08333
213.37761,2.9140625,72,33,1,0,1627,213.03906,192.08333
213.36458,2.9270833,68,41,1,0,1628,213.03906,192.08333
213.38802,2.9036458,75,23,1,0,1629,213.03906,192.08333
213.60027,2.6914062,75,41,1,0,1630,213.03906,192.08333
213.61328,2.6783855,72,34,1,0,1631,213.03906,192.08333
213.63933,2.6523438,68,32,1,0,1632,213.03906,192.08333
212.9948,3.296875,66,53,1,0,1633,211.94011,191.08333
213.85417,2.4375,68,27,1,0,1634,213.03906,192.08333
213.87239,2.4192708,75,33,1,0,1635,213.03906,192.08333
213.90625,2.3854167,72,6,1,0,1636,213.03906,192.08333
214.39323,1.8984375,68,38,1,0,1637,214.11328,193.08333
214.40495,1.8867188,75,21,1,0,1638,214.11328,193.08333
214.63281,1.6588541,75,34,1,0,1639,214.11328,193.08333
214.63802,1.6536459,68,28,1,0,1640,214.11328,193.08333
214.11328,2.1783855,66,33,1,0,1641,214.11328,193.08333
214.86067,1.4309896,75,43,1,0,1642,214.11328,193.08333
214.8802,1.4114584,68,22,1,0,1643,214.11328,193.08333
214.90495,1.3867188,72,28,1,0,1644,214.11328,193.08333
215.39192,0.89973956,75,32,1,0,1645,215.11198,194.08333
215.40495,0.88671875,68,24,1,0,1646,215.11198,194.08333
215.42058,0.87109375,72,21,1,0,1647,215.11198,194.08333
215.64323,0.6484375,75,38,1,0,1648,215.11198,194.08333
215.61328,0.67838544,68,34,1,0,1649,215.11198,194.08333
215.63933,0.65234375,72,39,1,0,1650,215.11198,194.08333
215.61719,0.6744792,80,69,1,0,1651,215.11198,194.08333
215.11198,1.1796875,66,38,1,0,1652,215.11198,194.08333
215.8763,0.4153646,75,44,1,0,1653,215.11198,194.08333
215.89844,0.39322916,68,42,1,0,1654,215.11198,194.08333
215.90625,0.38541666,72,36,1,0,1655,215.11198,194.08333
216.52864,3.0898438,68,44,1,0,1656,216.1914,195.08333
216.53906,3.079427,73,33,1,0,1657,216.1914,195.08333
214.625,4.9934897,84,67,1,0,1658,214.11328,193.08333
213.08333,6.5351562,87,78,1,0,1659,213.03906,192.08333
216.76433,2.8541667,73,40,1,0,1660,216.1914,195.08333
216.77473,2.84375,68,40,1,0,1661,216.1914,195.08333
216.17448,3.4440105,65,40,1,0,1662,215.11198,194.08333
217.01953,2.5989583,73,43,1,0,1663,216.1914,195.08333
217.0,2.6184895,68,49,1,0,1664,216.1914,195.08333
217.52214,2.0963542,73,37,1,0,1665,217.26042,196.08333
217.4961,2.1223958,68,44,1,0,1666,217.26042,196.08333
217.7461,1.8723959,73,46,1,0,1667,217.26042,196.08333
217.7552,1.8632812,68,50,1,0,1668,217.26042,196.08333
217.26823,2.3502605,65,44,1,0,1669,217.26042,196.08333
218.00911,1.609375,73,61,1,0,1670,217.26042,196.08333
218.01433,1.6041666,68,59,1,0,1671,217.26042,196.08333
216.20833,3.4101562,80,72,1,0,1672,216.1914,195.08333
217.25261,2.3658855,85,80,1,0,1673,216.1914,195.08333
218.50781,1.1106771,73,57,1,0,1674,218.26042,197.08333
218.51433,1.1041666,68,59,1,0,1675,218.26042,197.08333
218.76433,0.8541667,68,57,1,0,1676,218.26042,197.08333
218.77864,0.83984375,73,58,1,0,1677,218.26042,197.08333
218.26042,1.3580729,65,66,1,0,1678,218.26042,197.08333
218.74739,0.87109375,85,95,1,0,1679,218.26042,197.08333
219.05989,0.63932294,73,63,1,0,1680,218.26042,197.08333
219.06511,0.6692708,68,62,1,0,1681,218.26042,197.08333
220.04817,3.28125,73,40,1,0,1682,219.51106,198.08333
220.03516,3.2942708,68,43,1,0,1683,219.51106,198.08333
220.4336,2.8958333,68,40,1,0,1684,219.51106,198.08333
220.4427,2.8867188,73,30,1,0,1685,219.51106,198.08333
219.52864,3.8007812,64,61,1,0,1686,219.51106,198.08333
219.49348,3.8359375,85,94,1,0,1687,218.26042,197.08333
220.73958,2.5898438,73,42,1,0,1688,219.51106,198.08333
220.75911,2.5703125,68,43,1,0,1689,219.51106,198.08333
221.32292,2.0065105,73,32,1,0,1690,221.03906,199.08333
221.30598,2.0234375,68,23,1,0,1691,221.03906,199.08333
221.5664,1.7630209,68,34,1,0,1692,221.03906,199.08333
221.59375,1.7356771,73,26,1,0,1693,221.03906,199.08333
221.0612,2.2682292,64,37,1,0,1694,221.03906,199.08333
221.82292,1.5065104,73,34,1,0,1695,221.03906,199.08333
221.83723,1.4921875,68,33,1,0,1696,221.03906,199.08333
221.01692,2.3125,85,69,1,0,1697,219.51106,198.08333
222.39844,0.93098956,73,35,1,0,1698,222.11198,200.08333
222.39323,0.93619794,68,37,1,0,1699,222.11198,200.08333
222.66016,0.6692708,68,35,1,0,1700,222.11198,200.08333
222.66797,0.6614583,73,34,1,0,1701,222.11198,200.08333
222.11198,1.2174479,64,38,1,0,1702,222.11198,200.08333
222.64844,0.68098956,85,63,1,0,1703,222.11198,200.08333
222.9427,0.38671875,73,20,1,0,1704,222.11198,200.08333
222.93098,0.3984375,68,26,1,0,1705,222.11198,200.08333
223.5573,0.90234375,71,33,1,0,1706,223.23177,201.08333
223.5612,0.8984375,66,37,1,0,1707,223.23177,201.08333
223.8112,0.6484375,66,42,1,0,1708,223.23177,201.08333
223.8086,0.6510417,71,33,1,0,1709,223.23177,201.08333
223.25261,1.2070312,63,33,1,0,1710,223.23177,201.08333
224.07422,0.38541666,71,32,1,0,1711,223.23177,201.08333
224.0664,0.39322916,66,32,1,0,1712,223.23177,201.08333
224.58723,1.8320312,71,33,1,0,1713,224.32227,202.08333
224.55989,1.859375,66,32,1,0,1714,224.32227,202.08333
224.82161,1.5976562,71,27,1,0,1715,224.32227,202.08333
224.82422,1.5950521,66,30,1,0,1716,224.32227,202.08333
224.31511,2.1041667,63,35,1,0,1717,223.23177,201.08333
225.07422,1.3450521,71,19,1,0,1718,224.32227,202.08333
225.0612,1.3580729,66,25,1,0,1719,224.32227,202.08333
224.32942,2.0898438,83,58,1,0,1720,224.32227,202.08333
225.59636,0.8229167,66,30,1,0,1721,225.32422,203.08333
225.59114,0.828125,71,21,1,0,1722,225.32422,203.08333
225.80598,0.61328125,66,38,1,0,1723,225.32422,203.08333
225.82422,0.59505206,71,31,1,0,1724,225.32422,203.08333
223.21094,3.2083333,85,64,1,0,1725,222.11198,200.08333
225.32422,1.0950521,63,28,1,0,1726,225.32422,203.08333
225.8164,0.60286456,83,51,1,0,1727,225.32422,203.08333
226.08723,0.33203125,71,29,1,0,1728,225.32422,203.08333
226.07292,0.34635416,66,27,1,0,1729,225.32422,203.08333
226.60547,1.9127604,71,25,1,0,1730,226.35938,204.08333
226.6289,1.8893229,66,27,1,0,1731,226.35938,204.08333
226.33464,2.1835938,83,52,1,0,1732,225.32422,203.08333
226.88152,1.6367188,66,28,1,0,1733,226.35938,204.08333
226.89973,1.6184896,71,13,1,0,1734,226.35938,204.08333
226.38411,2.1341145,63,25,1,0,1735,226.35938,204.08333
227.12239,1.3958334,66,39,1,0,1736,226.35938,204.08333
227.14453,1.3736979,71,27,1,0,1737,226.35938,204.08333
226.8711,1.6471354,81,45,1,0,1738,226.35938,204.08333
227.52214,0.99609375,83,47,1,0,1739,227.39453,205.08333
227.65886,0.859375,66,40,1,0,1740,227.39453,205.08333
227.66406,0.8541667,71,34,1,0,1741,227.39453,205.08333
227.64062,0.8776042,81,49,1,0,1742,227.39453,205.08333
227.77734,0.74088544,80,45,1,0,1743,227.39453,205.08333
227.89973,0.61848956,66,39,1,0,1744,227.39453,205.08333
227.91406,0.6041667,71,26,1,0,1745,227.39453,205.08333
227.91797,0.60026044,81,55,1,0,1746,227.39453,205.08333
227.39453,1.1236979,63,24,1,0,1747,227.39453,205.08333
228.16927,0.34895834,71,33,1,0,1748,227.39453,205.08333
228.17317,0.3450521,66,24,1,0,1749,227.39453,205.08333
228.15886,0.359375,83,55,1,0,1750,227.39453,205.08333
228.42058,0.098958336,81,55,1,0,1751,227.39453,205.08333
228.55598,1.3789062,83,58,1,0,1752,228.43489,206.08333
228.71614,1.21875,66,36,1,0,1753,228.43489,206.08333
228.70703,1.2278646,71,32,1,0,1754,228.43489,206.08333
228.70833,1.2265625,85,53,1,0,1755,228.43489,206.08333
229.03386,0.9010417,66,37,1,0,1756,228.43489,206.08333
229.03125,0.9036458,71,27,1,0,1757,228.43489,206.08333
229.02605,0.9088542,83,48,1,0,1758,228.43489,206.08333
229.3711,0.56380206,66,41,1,0,1759,228.43489,206.08333
229.375,0.5598958,71,31,1,0,1760,228.43489,206.08333
229.36848,0.56640625,81,49,1,0,1761,228.43489,206.08333
228.44922,1.4856771,63,29,1,0,1762,228.43489,206.08333
229.88152,0.109375,80,47,1,0,1763,228.43489,206.08333
230.01433,0.80078125,88,48,1,0,1764,229.88606,207.08333
229.88542,0.9296875,71,33,1,0,1765,228.43489,206.08333
229.95573,0.859375,64,14,1,0,1766,229.88606,207.08333
229.88672,0.92838544,68,40,1,0,1767,229.88606,207.08333
230.1289,0.68619794,83,64,1,0,1768,229.88606,207.08333
230.27734,0.53776044,88,50,1,0,1769,229.88606,207.08333
230.38542,0.4296875,92,65,1,0,1770,229.88606,207.08333
230.49219,0.32291666,88,56,1,0,1771,229.88606,207.08333
230.60027,0.21484375,83,48,1,0,1772,229.88606,207.08333
230.70964,0.10546875,88,59,1,0,1773,229.88606,207.08333
230.8138,0.45833334,80,58,1,0,1774,230.8138,208.08333
230.94011,0.33203125,76,44,1,0,1775,230.8138,208.08333
231.03255,0.23958333,71,49,1,0,1776,230.8138,208.08333
231.14062,0.13151042,76,66,1,0,1777,230.8138,208.08333
231.24348,0.4934896,68,58,1,0,1778,230.8138,208.08333
231.3711,0.3658854,64,52,1,0,1779,230.8138,208.08333
231.48698,0.25,59,48,1,0,1780,230.8138,208.08333
231.60027,0.13671875,64,50,1,0,1781,230.8138,208.08333
231.69531,0.078125,56,58,1,0,1782,231.69531,209.08333
231.77995,0.31510416,52,56,1,0,1783,231.69531,209.08333
231.89714,0.19791667,47,54,1,0,1784,231.69531,209.08333
232.01562,0.079427086,52,53,1,0,1785,231.69531,209.08333
232.14323,0.063802086,44,43,1,0,1786,231.69531,209.08333
232.1289,0.3893229,40,52,1,0,1787,231.69531,209.08333
232.23438,0.28385416,52,49,1,0,1788,231.69531,209.08333
232.36458,0.15364583,47,51,1,0,1789,231.69531,209.08333
232.47266,0.045572918,52,59,1,0,1790,231.69531,209.08333
232.60938,0.109375,39,53,1,0,1791,232.60547,210.08333
232.69531,0.110677086,47,44,1,0,1792,232.60547,210.08333
232.60547,0.30208334,30,50,1,0,1793,232.60547,210.08333
232.82942,0.08984375,45,52,1,0,1794,232.60547,210.08333
232.57942,0.3528646,35,52,1,0,1795,231.69531,209.08333
232.9388,0.104166664,47,49,1,0,1796,232.60547,210.08333
233.08333,0.059895832,51,43,1,0,1797,232.60547,210.08333
233.16797,0.084635414,47,47,1,0,1798,232.60547,210.08333
233.28516,0.05078125,45,29,1,0,1799,232.60547,210.08333
233.38411,0.091145836,47,44,1,0,1800,232.60547,210.08333
233.51172,0.052083332,51,64,1,0,1801,232.60547,210.08333
233.6302,0.2877604,59,60,1,0,1802,233.54102,211.08333
233.76692,0.15104167,57,54,1,0,1803,233.54102,211.08333
233.54688,0.37109375,42,49,1,0,1804,233.54102,211.08333
233.54817,0.36979166,30,46,1,0,1805,233.54102,211.08333
233.53516,0.3828125,35,46,1,0,1806,232.60547,210.08333
233.875,0.071614586,59,56,1,0,1807,233.54102,211.08333
233.97656,0.096354164,63,60,1,0,1808,233.54102,211.08333
234.09636,0.109375,59,59,1,0,1809,233.54102,211.08333
234.21745,0.0625,57,50,1,0,1810,233.54102,211.08333
234.3164,0.067708336,59,55,1,0,1811,233.54102,211.08333
234.45442,0.05078125,63,62,1,0,1812,233.54102,211.08333
234.57812,0.087239586,71,56,1,0,1813,234.46223,212.08333
234.6927,0.09375,69,56,1,0,1814,234.46223,212.08333
234.46223,0.36197916,42,53,1,0,1815,234.46223,212.08333
234.46484,0.3658854,30,54,1,0,1816,234.46223,212.08333
234.46223,0.390625,35,55,1,0,1817,234.46223,212.08333
234.80598,0.092447914,71,63,1,0,1818,234.46223,212.08333
234.91406,0.119791664,75,69,1,0,1819,234.46223,212.08333
235.01302,0.102864586,71,65,1,0,1820,234.46223,212.08333
235.13542,0.1796875,69,55,1,0,1821,234.46223,212.08333
235.23828,0.076822914,71,62,1,0,1822,234.46223,212.08333
235.51692,0.2825521,83,47,1,0,1823,235.41211,213.08333
235.3802,0.41927084,76,61,1,0,1824,234.46223,212.08333
235.6237,0.17578125,80,56,1,0,1825,235.41211,213.08333
235.73177,0.067708336,83,63,1,0,1826,235.41211,213.08333
235.84114,0.47395834,88,59,1,0,1827,235.41211,213.08333
235.40625,0.9088542,44,48,1,0,1828,234.46223,212.08333
235.41927,0.8958333,32,47,1,0,1829,235.41211,213.08333
235.41797,0.89713544,35,45,1,0,1830,235.41211,213.08333
235.95183,0.36328125,83,58,1,0,1831,235.41211,213.08333
236.0612,0.25390625,80,61,1,0,1832,235.41211,213.08333
236.16536,0.14973958,83,60,1,0,1833,235.41211,213.08333
236.28125,0.036458332,76,58,1,0,1834,236.28125,214.08333
236.39062,0.30859375,71,66,1,0,1835,236.28125,214.08333
236.5039,0.1953125,68,62,1,0,1836,236.28125,214.08333
236.60286,0.096354164,71,68,1,0,1837,236.28125,214.08333
236.72527,0.041666668,64,51,1,0,1838,236.28125,214.08333
236.83594,0.23828125,59,60,1,0,1839,236.28125,214.08333
236.94792,0.12630208,56,56,1,0,1840,236.28125,214.08333
237.0664,0.0546875,59,60,1,0,1841,236.28125,214.08333
237.16536,0.108072914,52,53,1,0,1842,237.16536,215.08333
237.26823,0.2721354,59,47,1,0,1843,237.16536,215.08333
237.39192,0.1484375,56,49,1,0,1844,237.16536,215.08333
237.52734,0.049479168,59,52,1,0,1845,237.16536,215.08333
237.64062,0.39453125,64,46,1,0,1846,237.16536,215.08333
237.73567,0.29947916,59,46,1,0,1847,237.16536,215.08333
237.82683,0.20833333,56,50,1,0,1848,237.16536,215.08333
237.97917,0.055989582,59,51,1,0,1849,237.16536,215.08333
238.08594,0.052083332,54,45,1,0,1850,237.16536,215.08333
238.17969,0.5416667,59,33,1,0,1851,238.09636,216.08333
238.30469,0.41666666,57,44,1,0,1852,238.09636,216.08333
238.10417,0.6171875,51,35,1,0,1853,238.09636,216.08333
238.10938,0.6119792,39,42,1,0,1854,238.09636,216.08333
238.41927,0.30208334,59,45,1,0,1855,238.09636,216.08333
238.08855,0.6328125,47,36,1,0,1856,237.16536,215.08333
238.54817,0.17317708,66,59,1,0,1857,238.09636,216.08333
238.66145,0.075520836,59,50,1,0,1858,238.09636,216.08333
238.78777,0.044270832,57,46,1,0,1859,238.09636,216.08333
238.8737,0.055989582,59,62,1,0,1860,238.09636,216.08333
239.01172,0.079427086,66,60,1,0,1861,238.09636,216.08333
239.13542,0.4674479,71,50,1,0,1862,239.03581,217.08333
239.23567,0.3671875,69,51,1,0,1863,239.03581,217.08333
239.37239,0.23046875,71,59,1,0,1864,239.03581,217.08333
239.03906,0.56380206,39,47,1,0,1865,239.03581,217.08333
239.03516,0.5677083,51,43,1,0,1866,238.09636,216.08333
239.03645,0.56640625,47,45,1,0,1867,239.03581,217.08333
239.5013,0.1015625,78,65,1,0,1868,239.03581,217.08333
239.60156,0.0859375,71,60,1,0,1869,239.03581,217.08333
239.72917,0.046875,69,55,1,0,1870,239.03581,217.08333
239.82292,0.069010414,71,68,1,0,1871,239.03581,217.08333
239.96355,0.052083332,78,49,1,0,1872,239.03581,217.08333
240.03255,0.43229166,77,18,1,0,1873,239.97136,218.08333
240.07161,0.39322916,83,59,1,0,1874,239.97136,218.08333
240.1888,0.27604166,81,68,1,0,1875,239.97136,218.08333
239.97005,0.49479166,51,48,1,0,1876,239.03581,217.08333
239.97527,0.48958334,39,51,1,0,1877,239.97136,218.08333
240.31902,0.14583333,83,58,1,0,1878,239.97136,218.08333
239.97266,0.4921875,47,46,1,0,1879,239.97136,218.08333
240.42317,0.123697914,90,71,1,0,1880,239.97136,218.08333
240.53777,0.0625,83,65,1,0,1881,239.97136,218.08333
240.63672,0.05078125,81,66,1,0,1882,239.97136,218.08333
240.73958,0.096354164,83,66,1,0,1883,239.97136,218.08333
240.8711,1.515625,80,57,1,0,1884,239.97136,218.08333
240.8763,1.5104166,40,42,1,0,1885,240.8737,219.08333
240.86719,1.5195312,52,49,1,0,1886,239.97136,218.08333
240.8763,1.5104166,47,36,1,0,1887,240.8737,219.08333
240.97005,1.4166666,92,66,1,0,1888,240.8737,219.08333
241.10156,1.2851562,83,58,1,0,1889,240.8737,219.08333
241.21745,1.1692709,92,63,1,0,1890,240.8737,219.08333
241.34636,1.0403646,80,58,1,0,1891,240.8737,219.08333
241.47395,0.91276044,92,63,1,0,1892,240.8737,219.08333
241.35286,1.0338541,64,55,1,0,1893,240.8737,219.08333
241.3711,1.015625,52,52,1,0,1894,240.8737,219.08333
241.60938,0.77734375,83,60,1,0,1895,240.8737,219.08333
241.70573,0.68098956,92,77,1,0,1896,240.8737,219.08333
241.83073,0.55598956,64,73,1,0,1897,241.83073,220.08333
241.83073,0.55598956,52,67,1,0,1898,241.83073,220.08333
241.94792,0.4388021,92,78,1,0,1899,241.83073,220.08333
241.82422,0.5625,80,73,1,0,1900,240.8737,219.08333
242.0677,0.3190104,83,75,1,0,1901,241.83073,220.08333
242.1875,0.19921875,92,80,1,0,1902,241.83073,220.08333
242.31511,0.52994794,81,84,1,0,1903,241.83073,220.08333
242.32422,0.5208333,49,68,1,0,1904,241.83073,220.08333
242.3112,0.5338542,61,72,1,0,1905,241.83073,220.08333
242.3138,0.53125,52,48,1,0,1906,241.83073,220.08333
242.44402,0.40104166,93,82,1,0,1907,241.83073,220.08333
242.55339,0.29166666,88,76,1,0,1908,241.83073,220.08333
242.65234,0.19270833,93,78,1,0,1909,241.83073,220.08333
242.79948,0.51953125,52,64,1,0,1910,242.78906,221.08333
242.91277,0.40625,93,86,1,0,1911,242.78906,221.08333
242.77605,0.54296875,81,87,1,0,1912,241.83073,220.08333
242.79427,0.52473956,49,68,1,0,1913,242.78906,221.08333
242.78386,0.53515625,61,84,1,0,1914,241.83073,220.08333
243.02083,0.2981771,88,77,1,0,1915,242.78906,221.08333
243.13281,0.18619792,93,85,1,0,1916,242.78906,221.08333
243.26692,0.45703125,82,89,1,0,1917,242.78906,221.08333
243.2539,0.4700521,48,76,1,0,1918,242.78906,221.08333
243.2487,0.4752604,60,80,1,0,1919,242.78906,221.08333
243.25652,0.4674479,52,70,1,0,1920,242.78906,221.08333
243.40105,0.32291666,94,88,1,0,1921,242.78906,221.08333
243.49739,0.2265625,88,80,1,0,1922,242.78906,221.08333
243.60938,0.14973958,94,80,1,0,1923,242.78906,221.08333
243.88152,0.3190104,93,44,1,0,1924,243.73372,222.08333
243.71484,0.4856771,82,90,1,0,1925,242.78906,221.08333
243.73047,0.4700521,60,90,1,0,1926,242.78906,221.08333
243.74219,0.45833334,48,76,1,0,1927,243.73372,222.08333
243.73698,0.46354166,52,73,1,0,1928,243.73372,222.08333
243.85547,0.3450521,94,84,1,0,1929,243.73372,222.08333
243.95183,0.24869792,88,81,1,0,1930,243.73372,222.08333
244.0586,0.14192708,94,80,1,0,1931,243.73372,222.08333
244.18098,0.5442708,59,91,1,0,1932,243.73372,222.08333
244.19011,0.53515625,83,89,1,0,1933,243.73372,222.08333
244.17969,0.54557294,52,81,1,0,1934,243.73372,222.08333
244.1875,0.53776044,47,82,1,0,1935,243.73372,222.08333
244.3138,0.41145834,95,90,1,0,1936,243.73372,222.08333
244.4323,0.29296875,88,86,1,0,1937,243.73372,222.08333
244.53645,0.18880208,95,88,1,0,1938,243.73372,222.08333
244.6914,0.036458332,87,46,1,0,1939,244.65755,223.08333
244.65625,0.5052083,57,94,1,0,1940,243.73372,222.08333
244.85027,0.3111979,93,10,1,0,1941,244.65755,223.08333
244.78777,0.3736979,95,90,1,0,1942,244.65755,223.08333
244.66277,0.4986979,45,88,1,0,1943,244.65755,223.08333
244.65234,0.50911456,83,94,1,0,1944,243.73372,222.08333
244.91406,0.24739583,88,78,1,0,1945,244.65755,223.08333
244.65886,0.5026042,52,83,1,0,1946,244.65755,223.08333
245.01042,0.15104167,95,79,1,0,1947,244.65755,223.08333
245.15495,0.61067706,44,88,1,0,1948,244.65755,223.08333
245.15495,0.61067706,56,95,1,0,1949,244.65755,223.08333
245.14192,0.62369794,52,46,1,0,1950,244.65755,223.08333
245.30208,0.46354166,93,46,1,0,1951,244.65755,223.08333
245.26692,0.4986979,96,92,1,0,1952,244.65755,223.08333
245.13802,0.6276042,84,95,1,0,1953,244.65755,223.08333
245.39323,0.37239584,88,83,1,0,1954,244.65755,223.08333
245.50911,0.2565104,96,89,1,0,1955,244.65755,223.08333
245.89323,0.42578125,84,88,1,0,1956,245.7181,224.08333
245.97527,0.34375,81,17,1,0,1957,245.7181,224.08333
245.71875,0.60026044,72,97,1,0,1958,245.7181,224.08333
245.71745,0.6015625,64,82,1,0,1959,244.65755,223.08333
245.72527,0.59375,56,79,1,0,1960,245.7181,224.08333
245.71223,0.6067708,68,92,1,0,1961,244.65755,223.08333
246.02214,0.296875,76,86,1,0,1962,245.7181,224.08333
246.14453,0.17447917,84,90,1,0,1963,245.7181,224.08333
246.4414,0.57161456,85,87,1,0,1964,245.7181,224.08333
246.28516,0.72786456,73,97,1,0,1965,245.7181,224.08333
246.29167,0.7213542,69,87,1,0,1966,245.7181,224.08333
246.58333,0.4296875,76,83,1,0,1967,245.7181,224.08333
246.30598,0.70703125,57,73,1,0,1968,245.7181,224.08333
246.29688,0.7161458,64,76,1,0,1969,245.7181,224.08333
246.73438,0.27864584,85,88,1,0,1970,245.7181,224.08333
246.80989,0.203125,81,22,1,0,1971,245.7181,224.08333
247.45312,1.0065104,69,43,1,0,1972,247.09895,225.08333
247.09895,1.3606771,85,69,1,0,1973,247.09895,225.08333
248.08464,0.85026044,73,58,1,0,1974,247.09895,225.08333
247.83855,1.1184896,57,42,1,0,1975,247.09895,225.08333
248.63802,1.4140625,68,45,1,0,1976,248.38411,226.08333
248.38411,1.6679688,83,69,1,0,1977,248.38411,226.08333
248.95442,1.2304688,56,31,1,0,1978,248.38411,226.08333
249.74219,0.5052083,66,39,1,0,1979,249.47005,227.08333
249.47005,0.9453125,81,74,1,0,1980,249.47005,227.08333
249.1862,1.4127604,71,57,1,0,1981,248.38411,226.08333
250.375,0.33072916,82,58,1,0,1982,249.47005,227.08333
250.14192,1.0494791,54,31,1,0,1983,249.47005,227.08333
250.94011,0.87369794,68,39,1,0,1984,250.66277,228.08333
250.66277,1.1510416,83,68,1,0,1985,250.66277,228.08333
251.45703,0.5052083,71,45,1,0,1986,250.66277,228.08333
251.22395,1.1067709,56,39,1,0,1987,250.66277,228.08333
252.00261,0.45052084,66,48,1,0,1988,251.73958,229.08333
252.54297,0.5078125,69,55,1,0,1989,251.73958,229.08333
252.3125,0.73828125,54,45,1,0,1990,251.73958,229.08333
251.73958,1.4375,81,66,1,0,1991,251.73958,229.08333
252.99089,0.7447917,53,48,1,0,1992,252.98633,230.08333
252.99089,0.7447917,65,45,1,0,1993,252.98633,230.08333
252.98177,0.75390625,68,57,1,0,1994,251.73958,229.08333
252.96484,0.7708333,80,77,1,0,1995,251.73958,229.08333
253.72395,0.89192706,52,42,1,0,1996,252.98633,230.08333
253.6862,0.9296875,79,65,1,0,1997,252.98633,230.08333
253.69792,0.91796875,67,51,1,0,1998,252.98633,230.08333
253.72917,0.88671875,64,22,1,0,1999,252.98633,230.08333
254.65364,2.3385417,67,34,1,0,2000,252.98633,230.08333
254.68489,2.3072917,51,18,1,0,2001,254.66016,231.08333
254.66667,2.3255208,63,24,1,0,2002,254.66016,231.08333
254.61328,2.451823,79,50,1,0,2003,252.98633,230.08333
256.9271,0.828125,68,40,1,0,2004,256.15234,232.08333
256.9271,0.828125,53,31,1,0,2005,256.15234,232.08333
256.92188,0.8333333,80,56,1,0,2006,256.15234,232.08333
256.9362,0.81901044,65,32,1,0,2007,256.15234,232.08333
257.65756,0.4934896,67,50,1,0,2008,257.64453,233.08333
257.64844,0.5026042,70,59,1,0,2009,257.64453,233.08333
257.64062,0.5104167,55,48,1,0,2010,256.15234,232.08333
258.13672,0.3606771,68,72,1,0,2011,257.64453,233.08333
258.1328,0.36458334,56,71,1,0,2012,257.64453,233.08333
258.1354,0.36197916,72,73,1,0,2013,257.64453,233.08333
258.1237,0.3736979,84,81,1,0,2014,257.64453,233.08333
257.6354,0.8619792,82,74,1,0,2015,256.15234,232.08333
258.4857,0.3893229,58,84,1,0,2016,257.64453,233.08333
258.4857,0.3893229,73,82,1,0,2017,257.64453,233.08333
258.48438,0.390625,70,88,1,0,2018,257.64453,233.08333
258.48047,0.39453125,85,94,1,0,2019,257.64453,233.08333
258.89453,0.58203125,75,87,1,0,2020,257.64453,233.08333
258.89453,0.58203125,72,89,1,0,2021,257.64453,233.08333
258.89844,0.578125,60,76,1,0,2022,257.64453,233.08333
258.88672,0.58984375,87,90,1,0,2023,257.64453,233.08333
260.47787,1.7513021,73,27,1,0,2024,260.02994,234.08333
260.02994,2.1992188,89,52,1,0,2025,260.02994,234.08333
261.05728,1.171875,77,50,1,0,2026,260.02994,234.08333
260.8099,1.4192709,61,38,1,0,2027,260.02994,234.08333
261.6263,0.60286456,72,40,1,0,2028,261.34116,235.08333
261.34116,1.328125,87,62,1,0,2029,261.34116,235.08333
262.13803,0.56901044,75,48,1,0,2030,261.34116,235.08333
262.6732,0.43359375,70,42,1,0,2031,262.4271,236.08333
261.91016,1.2317709,60,39,1,0,2032,261.34116,235.08333
263.44922,0.16015625,75,31,1,0,2033,262.4271,236.08333
263.375,0.3997396,86,66,1,0,2034,262.4271,236.08333
263.02084,0.75390625,58,38,1,0,2035,262.4271,236.08333
262.4271,1.3828125,85,65,1,0,2036,262.4271,236.08333
263.89844,0.33854166,72,54,1,0,2037,263.64713,237.08333
264.4479,0.5442708,75,55,1,0,2038,263.64713,237.08333
263.64713,1.3450521,87,75,1,0,2039,263.64713,237.08333
264.1979,1.0533854,60,39,1,0,2040,263.64713,237.08333
264.95834,0.32552084,70,36,1,0,2041,264.72266,238.08333
264.72266,1.0716146,85,61,1,0,2042,264.72266,238.08333
265.5143,0.2799479,73,39,1,0,2043,264.72266,238.08333
265.2461,0.7838542,58,31,1,0,2044,264.72266,238.08333
265.78775,0.2565104,84,49,1,0,2045,264.72266,238.08333
265.8086,0.36979166,68,36,1,0,2046,265.7982,239.08333
266.1172,0.265625,56,27,1,0,2047,265.7982,239.08333
266.1172,0.3046875,72,41,1,0,2048,265.7982,239.08333
266.41928,0.21354167,58,37,1,0,2049,265.7982,239.08333
266.39453,0.4908854,73,50,1,0,2050,265.7982,239.08333
266.66928,0.23307292,60,36,1,0,2051,265.7982,239.08333
266.65103,0.2890625,75,60,1,0,2052,265.7982,239.08333
266.91928,0.26302084,63,41,1,0,2053,266.9121,240.08333
266.90494,0.27734375,79,62,1,0,2054,265.7982,239.08333
267.18228,0.21744792,60,47,1,0,2055,266.9121,240.08333
267.16666,0.2578125,76,62,1,0,2056,266.9121,240.08333
267.47787,0.19791667,61,38,1,0,2057,266.9121,240.08333
267.4375,0.24609375,77,58,1,0,2058,266.9121,240.08333
267.69272,0.4140625,49,42,1,0,2059,266.9121,240.08333
267.6888,0.49739584,65,51,1,0,2060,266.9121,240.08333
267.9479,0.24739583,61,35,1,0,2061,266.9121,240.08333
267.94922,0.3294271,77,51,1,0,2062,267.94858,241.08333
268.19272,0.2565104,59,42,1,0,2063,267.94858,241.08333
268.2018,0.31770834,74,51,1,0,2064,267.94858,241.08333
268.47525,0.23567708,75,53,1,0,2065,267.94858,241.08333
268.48828,0.22786458,60,37,1,0,2066,267.94858,241.08333
268.7435,0.45833334,63,46,1,0,2067,267.94858,241.08333
269.02213,0.20833333,60,43,1,0,2068,269.00522,242.08333
268.7513,0.50130206,48,34,1,0,2069,267.94858,241.08333
268.98828,0.3359375,75,55,1,0,2070,267.94858,241.08333
269.2526,0.2265625,57,43,1,0,2071,269.00522,242.08333
269.24088,0.2643229,72,63,1,0,2072,269.00522,242.08333
269.51172,0.17838542,58,52,1,0,2073,269.00522,242.08333
269.4974,0.57161456,73,64,1,0,2074,269.00522,242.08333
269.7487,0.3203125,61,61,1,0,2075,269.00522,242.08333
269.7435,0.32552084,46,61,1,0,2076,269.00522,242.08333
270.04166,0.2877604,61,66,1,0,2077,270.03775,243.08333
270.03384,0.3684896,77,77,1,0,2078,269.00522,242.08333
270.30728,0.2591146,59,61,1,0,2079,270.03775,243.08333
270.3021,0.32291666,74,71,1,0,2080,270.03775,243.08333
270.60025,0.22135417,60,44,1,0,2081,270.03775,243.08333
270.58594,0.23828125,75,68,1,0,2082,270.03775,243.08333
270.82944,0.4596354,63,49,1,0,2083,270.03775,243.08333
271.10547,0.19791667,60,41,1,0,2084,271.10416,244.08333
270.83984,0.49609375,48,43,1,0,2085,270.03775,243.08333
271.10287,0.3046875,75,51,1,0,2086,270.03775,243.08333
271.33725,0.24088542,57,49,1,0,2087,271.10416,244.08333
271.33463,0.27864584,72,55,1,0,2088,271.10416,244.08333
271.61328,0.29296875,73,55,1,0,2089,271.10416,244.08333
271.6289,0.2955729,58,38,1,0,2090,271.10416,244.08333
271.8776,0.13151042,61,41,1,0,2091,271.10416,244.08333
271.875,0.41927084,46,37,1,0,2092,271.10416,244.08333
272.2487,0.4140625,72,70,1,0,2093,271.10416,244.08333
272.26822,0.5703125,48,50,1,0,2094,272.2643,245.08333
272.2604,0.578125,63,55,1,0,2095,271.10416,244.08333
272.27475,0.56380206,56,47,1,0,2096,272.2643,245.08333
272.67056,0.16796875,55,55,1,0,2097,272.2643,245.08333
272.65494,0.18359375,49,52,1,0,2098,272.2643,245.08333
272.65625,0.18229167,70,62,1,0,2099,272.2643,245.08333
272.90494,0.25,56,68,1,0,2100,272.2643,245.08333
272.89322,0.2799479,72,78,1,0,2101,272.2643,245.08333
272.91666,0.2903646,63,56,1,0,2102,272.2643,245.08333
272.91928,0.31640625,48,63,1,0,2103,272.2643,245.08333
273.15103,0.15234375,70,71,1,0,2104,272.2643,245.08333
273.14844,0.1640625,55,68,1,0,2105,272.2643,245.08333
273.15234,0.16145833,49,69,1,0,2106,272.2643,245.08333
273.4401,1.359375,63,61,1,0,2107,273.42383,246.08333
273.42447,1.375,56,73,1,0,2108,273.42383,246.08333
273.4232,1.3763021,48,72,1,0,2109,272.2643,245.08333
273.42188,1.3776041,72,83,1,0,2110,272.2643,245.08333
274.80078,1.3723959,55,48,1,0,2111,274.79688,247.08333
274.8047,1.3684896,63,42,1,0,2112,274.79688,247.08333
274.79297,1.3802084,49,47,1,0,2113,273.42383,246.08333
274.77866,1.3945312,70,65,1,0,2114,273.42383,246.08333
276.19922,0.35677084,63,65,1,0,2115,274.79688,247.08333
276.2018,0.359375,56,54,1,0,2116,276.20053,248.08333
276.20834,0.36979166,48,53,1,0,2117,276.20053,248.08333
276.1862,0.4205729,75,79,1,0,2118,274.79688,247.08333
276.55728,0.114583336,46,71,1,0,2119,276.20053,248.08333
276.55338,0.14322917,74,81,1,0,2120,276.20053,248.08333
276.5612,0.1640625,68,71,1,0,2121,276.20053,248.08333
276.5599,0.22786458,53,73,1,0,2122,276.20053,248.08333
276.7982,0.21223958,56,85,1,0,2123,276.20053,248.08333
276.80078,0.22135417,63,77,1,0,2124,276.20053,248.08333
276.79688,0.27864584,48,73,1,0,2125,276.20053,248.08333
276.79297,0.3059896,75,91,1,0,2126,276.20053,248.08333
277.02734,0.15494792,46,80,1,0,2127,276.20053,248.08333
277.01953,0.16666667,74,87,1,0,2128,276.20053,248.08333
277.02475,0.17317708,68,76,1,0,2129,276.20053,248.08333
277.01953,0.32421875,53,81,1,0,2130,276.20053,248.08333
277.3724,0.40104166,56,83,1,0,2131,276.20053,248.08333
277.3737,1.2825521,48,78,1,0,2132,277.37305,249.08333
277.3776,1.2786459,51,76,1,0,2133,277.37305,249.08333
277.36978,1.2864584,63,86,1,0,2134,276.20053,248.08333
277.3737,1.2825521,68,76,1,0,2135,277.37305,249.08333
277.35416,1.3020834,75,92,1,0,2136,276.20053,248.08333
278.65494,1.4153646,46,38,1,0,2137,277.37305,249.08333
278.74088,1.3294271,62,60,1,0,2138,278.74088,250.08333
278.84116,1.2291666,48,41,1,0,2139,278.74088,250.08333
278.85156,1.21875,68,60,1,0,2140,278.74088,250.08333
279.0026,1.0677084,46,44,1,0,2141,278.74088,250.08333
279.1211,0.94921875,48,37,1,0,2142,278.74088,250.08333
279.23306,0.83723956,46,52,1,0,2143,278.74088,250.08333
279.3607,0.70963544,48,39,1,0,2144,278.74088,250.08333
279.42838,0.64192706,46,54,1,0,2145,278.74088,250.08333
279.5065,0.56380206,48,35,1,0,2146,278.74088,250.08333
279.59375,0.4765625,46,51,1,0,2147,278.74088,250.08333
279.72134,0.34895834,46,52,1,0,2148,278.74088,250.08333
279.78775,0.2825521,48,47,1,0,2149,278.74088,250.08333
279.8737,0.19661458,46,56,1,0,2150,279.87195,251.08333
278.96094,1.109375,77,70,1,0,2151,278.74088,250.08333
279.94272,0.12760417,48,54,1,0,2152,279.87195,251.08333
280.0104,0.110677086,46,60,1,0,2153,279.87195,251.08333
280.10025,1.0572916,44,72,1,0,2154,279.87195,251.08333
280.34506,0.8125,46,57,1,0,2155,279.87195,251.08333
280.43228,0.72526044,62,59,1,0,2156,279.87195,251.08333
280.48306,0.6744792,44,55,1,0,2157,279.87195,251.08333
280.58853,0.56901044,46,57,1,0,2158,279.87195,251.08333
280.6771,0.48046875,44,61,1,0,2159,279.87195,251.08333
280.73697,0.4205729,46,64,1,0,2160,279.87195,251.08333
280.82944,0.328125,44,60,1,0,2161,279.87195,251.08333
280.5,0.65755206,70,72,1,0,2162,279.87195,251.08333
280.91275,0.24479167,46,54,1,0,2163,279.87195,251.08333
280.99088,0.16666667,44,60,1,0,2164,279.87195,251.08333
280.60287,0.6067708,77,83,1,0,2165,279.87195,251.08333
281.08853,0.20182292,43,81,1,0,2166,281.00305,252.08333
281.306,0.890625,44,58,1,0,2167,281.00305,252.08333
281.43228,0.76432294,43,67,1,0,2168,281.00305,252.08333
281.46484,0.7317708,63,72,1,0,2169,281.00305,252.08333
281.51562,0.68098956,44,65,1,0,2170,281.00305,252.08333
281.61588,0.5807292,43,64,1,0,2171,281.00305,252.08333
281.54037,0.65625,70,76,1,0,2172,281.00305,252.08333
281.6797,0.51692706,44,69,1,0,2173,281.00305,252.08333
281.76562,0.4309896,43,69,1,0,2174,281.00305,252.08333
281.84634,0.3502604,44,61,1,0,2175,281.00305,252.08333
281.931,0.265625,43,71,1,0,2176,281.00305,252.08333
282.00912,0.1875,44,74,1,0,2177,281.00305,252.08333
281.6315,0.5651042,79,100,1,0,2178,281.00305,252.08333
282.181,0.015625,40,34,1,0,2179,282.13412,253.08333
282.13412,1.0390625,41,86,1,0,2180,282.13412,253.08333
282.3776,0.79557294,43,74,1,0,2181,282.13412,253.08333
282.40366,0.76953125,65,81,1,0,2182,282.13412,253.08333
282.50912,0.6640625,70,84,1,0,2183,282.13412,253.08333
282.52344,0.64973956,41,77,1,0,2184,282.13412,253.08333
282.6354,0.53776044,43,72,1,0,2185,282.13412,253.08333
282.71353,0.4596354,41,75,1,0,2186,282.13412,253.08333
282.79688,0.3763021,43,69,1,0,2187,282.13412,253.08333
282.8724,0.30078125,41,71,1,0,2188,282.13412,253.08333
282.9453,0.22786458,43,69,1,0,2189,282.13412,253.08333
282.67838,0.49479166,80,95,1,0,2190,282.13412,253.08333
283.01953,0.15364583,41,66,1,0,2191,282.13412,253.08333
283.1211,1.0716146,39,94,1,0,2192,283.1211,254.08333
283.3685,0.82421875,67,88,1,0,2193,283.1211,254.08333
283.41928,0.7734375,41,75,1,0,2194,283.1211,254.08333
283.47134,0.7213542,70,87,1,0,2195,283.1211,254.08333
283.54428,0.6484375,39,79,1,0,2196,283.1211,254.08333
283.66666,0.5260417,41,74,1,0,2197,283.1211,254.08333
283.7461,0.4466146,80,43,1,0,2198,283.1211,254.08333
283.75522,0.4375,39,75,1,0,2199,283.1211,254.08333
283.84116,0.3515625,41,61,1,0,2200,283.1211,254.08333
283.92578,0.2669271,39,70,1,0,2201,283.1211,254.08333
284.0143,0.17838542,41,68,1,0,2202,283.1211,254.08333
284.08334,0.12630208,39,72,1,0,2203,283.1211,254.08333
284.181,0.13932292,38,95,1,0,2204,283.1211,254.08333
284.17188,0.50390625,37,76,1,0,2205,283.1211,254.08333
284.5104,0.16536458,39,73,1,0,2206,283.1211,254.08333
283.70312,1.0091146,82,102,1,0,2207,283.1211,254.08333
284.6276,0.5989583,37,68,1,0,2208,284.6276,255.08333
284.72656,0.5,39,73,1,0,2209,284.6276,255.08333
284.82812,0.3984375,37,73,1,0,2210,284.6276,255.08333
284.9297,0.296875,39,65,1,0,2211,284.6276,255.08333
284.95963,0.2669271,40,67,1,0,2212,284.6276,255.08333
285.0143,0.21223958,37,68,1,0,2213,284.6276,255.08333
284.69272,0.5338542,84,93,1,0,2214,284.6276,255.08333
285.11328,0.11328125,39,75,1,0,2215,284.6276,255.08333
285.20312,1.546875,37,76,1,0,2216,284.6276,255.08333
285.28775,1.4622396,39,69,1,0,2217,284.6276,255.08333
285.22134,1.5286459,85,102,1,0,2218,284.6276,255.08333
285.39713,1.3528646,37,67,1,0,2219,284.6276,255.08333
285.48828,1.2617188,39,81,1,0,2220,284.6276,255.08333
285.59244,1.1575521,37,76,1,0,2221,284.6276,255.08333
285.77344,0.9765625,86,110,1,0,2222,285.73633,256.08334
285.7422,1.0078125,39,65,1,0,2223,285.73633,256.08334
285.8737,0.87630206,37,69,1,0,2224,285.73633,256.08334
285.98306,0.76692706,39,74,1,0,2225,285.73633,256.08334
286.07162,0.67838544,37,70,1,0,2226,285.73633,256.08334
286.16797,0.58203125,39,69,1,0,2227,285.73633,256.08334
286.2513,0.4986979,37,70,1,0,2228,285.73633,256.08334
286.34506,0.4049479,39,72,1,0,2229,285.73633,256.08334
286.45053,0.29947916,37,68,1,0,2230,286.42578,257.08334
286.53775,0.21223958,39,66,1,0,2231,286.42578,257.08334
286.60678,0.14322917,37,74,1,0,2232,286.42578,257.08334
286.73828,0.23046875,36,88,1,0,2233,286.42578,257.08334
286.92578,0.2799479,37,86,1,0,2234,286.42578,257.08334
287.09375,0.16145833,39,90,1,0,2235,286.42578,257.08334
287.21616,0.39583334,37,81,1,0,2236,286.42578,257.08334
287.33594,0.27604166,36,84,1,0,2237,286.42578,257.08334
287.46353,0.1484375,34,85,1,0,2238,286.42578,257.08334
286.42578,1.1861979,87,103,1,0,2239,286.42578,257.08334
287.61978,1.0286459,32,95,1,0,2240,287.61978,258.08334
288.01562,0.6328125,48,72,1,0,2241,287.61978,258.08334
288.01562,0.6328125,44,80,1,0,2242,287.61978,258.08334
288.3138,0.3346354,48,69,1,0,2243,287.61978,258.08334
288.3021,0.34635416,44,72,1,0,2244,287.61978,258.08334
288.28384,0.36458334,60,92,1,0,2245,287.61978,258.08334
288.52734,0.15885417,43,80,1,0,2246,287.61978,258.08334
288.53125,0.15885417,48,63,1,0,2247,287.61978,258.08334
288.7565,0.16145833,48,70,1,0,2248,287.61978,258.08334
288.75912,0.171875,43,79,1,0,2249,288.7578,259.08334
288.99478,0.140625,48,70,1,0,2250,288.7578,259.08334
288.99478,0.1484375,41,81,1,0,2251,288.7578,259.08334
289.2357,0.109375,48,55,1,0,2252,288.7578,259.08334
289.22525,0.13671875,41,63,1,0,2253,288.7578,259.08334
289.2435,0.118489586,44,51,1,0,2254,288.7578,259.08334
289.5039,0.076822914,39,51,1,0,2255,288.7578,259.08334
289.5039,0.096354164,44,42,1,0,2256,288.7578,259.08334
289.47656,0.123697914,48,36,1,0,2257,288.7578,259.08334
289.46353,0.29427084,60,69,1,0,2258,288.7578,259.08334
289.71616,0.08984375,39,52,1,0,2259,289.7103,260.08334
289.71353,0.095052086,48,34,1,0,2260,289.7103,260.08334
289.68228,0.12760417,61,67,1,0,2261,288.7578,259.08334
289.70703,0.16145833,44,31,1,0,2262,288.7578,259.08334
289.91666,0.12890625,48,38,1,0,2263,289.7103,260.08334
289.92188,0.13541667,37,59,1,0,2264,289.7103,260.08334
289.90234,0.29947916,63,79,1,0,2265,289.7103,260.08334
290.13803,0.110677086,65,81,1,0,2266,289.7103,260.08334
290.15494,0.12109375,48,61,1,0,2267,289.7103,260.08334
290.15234,0.125,36,70,1,0,2268,289.7103,260.08334
290.3893,0.265625,36,71,1,0,2269,289.7103,260.08334
289.91928,0.73567706,44,16,1,0,2270,289.7103,260.08334
290.38412,0.27083334,48,70,1,0,2271,289.7103,260.08334
290.3711,0.328125,67,92,1,0,2272,289.7103,260.08334
290.66666,0.61848956,36,81,1,0,2273,289.7103,260.08334
290.96875,0.31640625,48,64,1,0,2274,290.6686,261.08334
290.95703,0.328125,44,70,1,0,2275,290.6686,261.08334
290.67056,0.6744792,68,94,1,0,2276,290.6686,261.08334
291.26953,0.4609375,48,61,1,0,2277,290.6686,261.08334
291.2565,0.47395834,44,68,1,0,2278,290.6686,261.08334
291.50522,0.22526042,43,77,1,0,2279,290.6686,261.08334
291.5104,0.22005208,48,59,1,0,2280,290.6686,261.08334
291.2643,0.4856771,63,81,1,0,2281,290.6686,261.08334
291.73697,0.16015625,43,76,1,0,2282,290.6686,261.08334
291.7422,0.15494792,48,71,1,0,2283,291.7396,262.08334
291.96484,0.15625,41,82,1,0,2284,291.7396,262.08334
291.96875,0.15234375,48,65,1,0,2285,291.7396,262.08334
292.01822,0.108072914,44,28,1,0,2286,291.7396,262.08334
292.1953,0.27734375,41,80,1,0,2287,291.7396,262.08334
292.21094,0.26171875,48,69,1,0,2288,291.7396,262.08334
292.21616,0.2565104,44,65,1,0,2289,291.7396,262.08334
292.45053,0.14322917,39,76,1,0,2290,291.7396,262.08334
292.45444,0.13932292,48,63,1,0,2291,291.7396,262.08334
292.4362,0.16536458,44,66,1,0,2292,291.7396,262.08334
292.431,0.3033854,67,86,1,0,2293,291.7396,262.08334
292.68228,0.110677086,68,84,1,0,2294,292.6797,263.08334
292.6836,0.1171875,48,70,1,0,2295,292.6797,263.08334
292.67447,0.16796875,39,74,1,0,2296,291.7396,262.08334
292.6771,0.16536458,44,65,1,0,2297,291.7396,262.08334
292.91406,0.13932292,48,69,1,0,2298,292.6797,263.08334
292.90494,0.1796875,37,83,1,0,2299,292.6797,263.08334
292.89844,0.29427084,70,94,1,0,2300,292.6797,263.08334
293.14584,0.088541664,72,86,1,0,2301,292.6797,263.08334
293.14844,0.12630208,48,67,1,0,2302,292.6797,263.08334
293.14322,0.13932292,36,80,1,0,2303,292.6797,263.08334
292.90756,0.47916666,44,62,1,0,2304,292.6797,263.08334
293.3789,0.41015625,36,75,1,0,2305,292.6797,263.08334
293.375,0.4140625,48,77,1,0,2306,292.6797,263.08334
293.38672,0.40234375,44,19,1,0,2307,292.6797,263.08334
293.3737,0.4153646,73,100,1,0,2308,292.6797,263.08334
293.78125,0.07421875,74,28,1,0,2309,293.71616,264.08334
293.71875,0.5859375,36,85,1,0,2310,293.71616,264.08334
294.02603,0.27864584,48,78,1,0,2311,293.71616,264.08334
294.02475,0.2799479,44,85,1,0,2312,293.71616,264.08334
294.29037,0.47916666,48,71,1,0,2313,293.71616,264.08334
294.28647,0.4830729,44,77,1,0,2314,293.71616,264.08334
294.28384,0.4856771,68,88,1,0,2315,293.71616,264.08334
294.52734,0.2421875,43,83,1,0,2316,293.71616,264.08334
294.53516,0.234375,48,64,1,0,2317,293.71616,264.08334
293.71353,1.0559896,75,99,1,0,2318,292.6797,263.08334
294.7578,0.7734375,43,83,1,0,2319,293.71616,264.08334
294.75912,0.77213544,48,69,1,0,2320,294.75845,265.08334
294.9922,0.5390625,48,74,1,0,2321,294.75845,265.08334
294.98438,0.546875,41,93,1,0,2322,294.75845,265.08334
295.23306,0.2981771,48,75,1,0,2323,294.75845,265.08334
295.22916,0.30208334,44,77,1,0,2324,294.75845,265.08334
295.22006,0.3111979,41,88,1,0,2325,294.75845,265.08334
295.46094,0.15755208,48,77,1,0,2326,294.75845,265.08334
295.46094,0.16276042,39,86,1,0,2327,294.75845,265.08334
295.45963,0.17447917,44,87,1,0,2328,294.75845,265.08334
295.4414,0.31770834,80,101,1,0,2329,294.75845,265.08334
295.71094,0.114583336,82,92,1,0,2330,295.71094,266.08334
295.71484,0.13802083,48,74,1,0,2331,295.71094,266.08334
295.70963,0.16536458,44,73,1,0,2332,294.75845,265.08334
295.71094,0.16927083,39,76,1,0,2333,295.71094,266.08334
295.95703,0.140625,48,81,1,0,2334,295.71094,266.08334
295.95963,0.16145833,39,75,1,0,2335,295.71094,266.08334
295.94922,0.18229167,44,75,1,0,2336,295.71094,266.08334
295.944,0.5286458,84,105,1,0,2337,295.71094,266.08334
296.20312,0.26953125,85,95,1,0,2338,295.71094,266.08334
296.20444,0.26822916,48,81,1,0,2339,295.71094,266.08334
296.194,0.27864584,44,79,1,0,2340,295.71094,266.08334
296.20444,0.26822916,37,85,1,0,2341,295.71094,266.08334
296.54688,0.049479168,47,42,1,0,2342,295.71094,266.08334
296.4987,0.5625,48,83,1,0,2343,295.71094,266.08334
296.4974,0.56380206,36,91,1,0,2344,295.71094,266.08334
296.49478,0.56640625,44,83,1,0,2345,295.71094,266.08334
296.48047,0.5807292,87,103,1,0,2346,295.71094,266.08334
296.98697,0.07421875,87,58,1,0,2347,296.97397,267.08334
297.0625,0.053385418,36,16,1,0,2348,296.97397,267.08334
296.98178,1.2148438,46,90,1,0,2349,296.97397,267.08334
296.97397,1.3645834,37,90,1,0,2350,296.97397,267.08334
296.97397,1.3645834,44,90,1,0,2351,296.97397,267.08334
296.96744,1.3710938,89,101,1,0,2352,295.71094,266.08334
299.2461,0.2591146,56,25,1,0,2353,298.2578,268.08334
299.2643,0.26171875,50,29,1,0,2354,298.2578,268.08334
299.25,0.27864584,65,32,1,0,2355,298.2578,268.08334
299.21744,0.3268229,70,52,1,0,2356,298.2578,268.08334
299.54428,0.4856771,67,41,1,0,2357,299.54166,269.08334
299.53906,0.50911456,51,39,1,0,2358,298.2578,268.08334
299.54947,0.51692706,55,40,1,0,2359,299.54166,269.08334
299.52344,0.5598958,75,57,1,0,2360,298.2578,268.08334
300.3763,0.375,51,41,1,0,2361,299.54166,269.08334
300.41275,0.33854166,58,35,1,0,2362,299.54166,269.08334
300.33725,0.4140625,75,68,1,0,2363,299.54166,269.08334
300.34634,0.4049479,67,43,1,0,2364,299.54166,269.08334
300.78125,1.234375,53,32,1,0,2365,300.76627,270.08334
300.76303,1.2877604,71,46,1,0,2366,299.54166,269.08334
300.76953,1.3111979,56,35,1,0,2367,300.76627,270.08334
300.72525,1.3580729,74,65,1,0,2368,299.54166,269.08334
301.96484,1.2591146,73,50,1,0,2369,300.76627,270.08334
301.9961,1.2278646,55,41,1,0,2370,301.98828,271.08334
301.98178,1.2447916,64,34,1,0,2371,300.76627,270.08334
301.99478,1.2382812,58,26,1,0,2372,301.98828,271.08334
303.26822,0.06640625,63,29,1,0,2373,301.98828,271.08334
303.27084,0.8932292,72,46,1,0,2374,303.26953,272.08334
303.27213,0.89192706,56,25,1,0,2375,303.26953,272.08334
303.26822,0.8958333,60,19,1,0,2376,301.98828,271.08334
303.9479,0.29166666,60,29,1,0,2377,303.26953,272.08334
303.9518,0.3580729,56,36,1,0,2378,303.26953,272.08334
304.30338,0.24739583,61,46,1,0,2379,303.26953,272.08334
304.34506,0.265625,58,33,1,0,2380,303.26953,272.08334
304.27734,0.3671875,91,67,1,0,2381,303.26953,272.08334
304.60547,0.14583333,63,39,1,0,2382,303.26953,272.08334
303.9362,0.9244792,92,64,1,0,2383,303.26953,272.08334
304.61328,0.27734375,60,36,1,0,2384,303.26953,272.08334
304.5625,0.3580729,90,68,1,0,2385,303.26953,272.08334
304.90884,0.19270833,89,58,1,0,2386,303.26953,272.08334
305.1146,1.0507812,87,57,1,0,2387,304.93228,273.08334
305.27344,0.89192706,85,61,1,0,2388,304.93228,273.08334
305.40494,0.7604167,84,61,1,0,2389,304.93228,273.08334
305.53125,0.63411456,83,63,1,0,2390,304.93228,273.08334
304.93228,1.2330729,65,34,1,0,2391,304.93228,273.08334
305.65234,0.5130208,82,72,1,0,2392,304.93228,273.08334
305.77084,0.39453125,81,70,1,0,2393,304.93228,273.08334
305.8893,0.27604166,80,74,1,0,2394,304.93228,273.08334
304.98306,1.1822916,61,19,1,0,2395,304.93228,273.08334
306.01822,0.14713542,79,66,1,0,2396,306.01822,274.08334
306.1328,0.12760417,78,70,1,0,2397,306.01822,274.08334
306.26172,0.10546875,77,63,1,0,2398,306.01822,274.08334
306.39453,0.13671875,76,61,1,0,2399,306.01822,274.08334
306.53775,0.15755208,75,64,1,0,2400,306.01822,274.08334
306.54297,0.18359375,49,42,1,0,2401,306.01822,274.08334
306.556,0.2109375,56,35,1,0,2402,306.01822,274.08334
306.66406,0.18489583,73,62,1,0,2403,306.01822,274.08334
306.79428,0.14453125,72,62,1,0,2404,306.01822,274.08334
306.83334,0.20572917,50,41,1,0,2405,306.01822,274.08334
306.9349,0.119791664,70,64,1,0,2406,306.01822,274.08334
306.79297,0.31640625,56,28,1,0,2407,306.01822,274.08334
306.55338,0.57942706,53,40,1,0,2408,306.01822,274.08334
307.18228,0.4075521,55,40,1,0,2409,307.18164,275.08334
307.19922,0.45572916,51,27,1,0,2410,307.18164,275.08334
307.16147,0.49609375,75,57,1,0,2411,306.01822,274.08334
307.181,0.5364583,70,35,1,0,2412,306.01822,274.08334
308.23306,0.4986979,51,32,1,0,2413,307.18164,275.08334
308.23438,0.49739584,58,20,1,0,2414,307.18164,275.08334
308.21616,0.515625,67,30,1,0,2415,307.18164,275.08334
308.1771,0.5546875,75,55,1,0,2416,307.18164,275.08334
308.71484,0.8984375,60,31,1,0,2417,308.69336,276.08334
308.6393,0.9739583,75,59,1,0,2418,307.18164,275.08334
309.4453,0.7291667,61,32,1,0,2419,308.69336,276.08334
309.40494,0.76953125,77,53,1,0,2420,308.69336,276.08334
308.694,1.4804688,56,34,1,0,2421,308.69336,276.08334
309.7578,0.41666666,75,64,1,0,2422,308.69336,276.08334
310.02603,0.24088542,73,58,1,0,2423,308.69336,276.08334
310.29428,0.27604166,56,37,1,0,2424,310.04297,277.08334
310.28516,0.2955729,72,61,1,0,2425,310.04297,277.08334
310.0599,0.62630206,58,37,1,0,2426,310.04297,277.08334
310.58203,0.20442708,55,46,1,0,2427,310.04297,277.08334
310.54166,0.30729166,70,64,1,0,2428,310.04297,277.08334
309.77084,1.2851562,60,27,1,0,2429,308.69336,276.08334
308.69272,2.3854167,68,41,1,0,2430,307.18164,275.08334
310.819,0.26041666,56,45,1,0,2431,310.04297,277.08334
310.79037,0.33984375,72,68,1,0,2432,310.04297,277.08334
311.09506,1.4661459,58,42,1,0,2433,311.09506,278.08334
311.1185,1.4427084,51,38,1,0,2434,311.09506,278.08334
311.07944,1.4817709,73,65,1,0,2435,310.04297,277.08334
311.64453,0.9166667,68,44,1,0,2436,311.09506,278.08334
311.34897,1.2122396,65,38,1,0,2437,311.09506,278.08334
311.92056,0.640625,67,51,1,0,2438,311.09506,278.08334
312.28906,0.41796875,56,34,1,0,2439,312.26498,279.08334
312.5586,0.26041666,63,46,1,0,2440,312.26498,279.08334
312.57553,0.25520834,48,38,1,0,2441,312.26498,279.08334
312.24088,1.3190104,68,43,1,0,2442,311.09506,278.08334
312.2357,1.3242188,72,56,1,0,2443,311.09506,278.08334
312.83463,0.72526044,49,43,1,0,2444,312.26498,279.08334
312.819,0.74088544,65,56,1,0,2445,312.26498,279.08334
313.07162,0.48828125,63,60,1,0,2446,312.26498,279.08334
312.29688,1.2630209,44,38,1,0,2447,312.26498,279.08334
313.3229,0.265625,61,64,1,0,2448,312.26498,279.08334
313.33594,0.3294271,46,47,1,0,2449,313.32944,280.08334
313.59897,0.2643229,44,56,1,0,2450,313.32944,280.08334
313.5729,0.30208334,60,61,1,0,2451,313.32944,280.08334
313.83984,0.2421875,43,58,1,0,2452,313.32944,280.08334
313.82944,0.2734375,58,65,1,0,2453,313.32944,280.08334
313.0729,1.1848959,48,49,1,0,2454,312.26498,279.08334
314.0768,0.3424479,44,62,1,0,2455,313.32944,280.08334
314.09244,0.3268229,60,65,1,0,2456,313.32944,280.08334
314.40756,0.390625,68,63,1,0,2457,313.32944,280.08334
314.4232,1.2617188,46,56,1,0,2458,314.41537,281.08334
314.7578,0.9270833,65,49,1,0,2459,314.41537,281.08334
314.43228,1.2526041,39,52,1,0,2460,314.41537,281.08334
315.03647,0.6484375,68,58,1,0,2461,314.41537,281.08334
314.40234,1.2825521,61,67,1,0,2462,313.32944,280.08334
315.28906,0.39583334,67,55,1,0,2463,314.41537,281.08334
315.57812,0.2721354,70,60,1,0,2464,314.41537,281.08334
315.60416,0.3515625,60,48,1,0,2465,314.41537,281.08334
315.8737,0.7916667,67,48,1,0,2466,315.60806,282.08334
315.60806,1.0572916,44,48,1,0,2467,315.60806,282.08334
315.61978,1.0455729,32,48,1,0,2468,315.60806,282.08334
316.1289,0.5364583,70,52,1,0,2469,315.60806,282.08334
316.39584,0.37890625,68,51,1,0,2470,315.60806,282.08334
316.65625,0.22916667,73,46,1,0,2471,315.60806,282.08334
316.90884,0.67838544,71,43,1,0,2472,316.67447,283.08334
317.16666,0.4205729,73,44,1,0,2473,316.67447,283.08334
317.39713,0.2669271,72,49,1,0,2474,316.67447,283.08334
317.65625,2.1458333,77,45,1,0,2475,317.65625,284.08334
317.90234,1.8997396,74,48,1,0,2476,317.65625,284.08334
318.1276,1.6744791,77,40,1,0,2477,317.65625,284.08334
318.38412,1.4179688,75,50,1,0,2478,317.65625,284.08334
318.64194,1.1601562,82,42,1,0,2479,318.64194,285.08334
316.66928,3.1328125,32,42,1,0,2480,315.60806,282.08334
316.6836,3.1184895,36,38,1,0,2481,316.67447,283.08334
318.89322,0.9088542,79,46,1,0,2482,318.64194,285.08334
316.67447,3.1276042,39,37,1,0,2483,316.67447,283.08334
316.6771,3.125,44,35,1,0,2484,316.67447,283.08334
319.15884,0.6432292,82,42,1,0,2485,318.64194,285.08334
319.43228,0.41145834,80,53,1,0,2486,318.64194,285.08334
319.72006,1.1627604,85,47,1,0,2487,318.64194,285.08334
319.73697,1.1458334,44,39,1,0,2488,318.64194,285.08334
319.97525,0.90755206,83,46,1,0,2489,319.7396,286.08334
319.77734,1.1054688,48,27,1,0,2490,319.7396,286.08334
319.7396,1.1432291,51,37,1,0,2491,319.7396,286.08334
319.7422,1.140625,56,33,1,0,2492,319.7396,286.08334
320.22787,0.65494794,85,49,1,0,2493,319.7396,286.08334
320.47525,0.4075521,84,49,1,0,2494,319.7396,286.08334
320.75912,0.21354167,89,46,1,0,2495,319.7396,286.08334
320.78775,1.1523438,60,29,1,0,2496,320.7819,287.08334
321.02994,0.91015625,86,48,1,0,2497,320.7819,287.08334
320.77734,1.1627604,56,34,1,0,2498,319.7396,286.08334
320.78647,1.1536459,63,29,1,0,2499,320.7819,287.08334
321.28775,0.65234375,89,43,1,0,2500,320.7819,287.08334
321.54428,0.39583334,87,48,1,0,2501,320.7819,287.08334
321.8268,0.1875,87,51,1,0,2502,320.7819,287.08334
322.0703,6.1028647,84,50,1,0,2503,321.83984,288.08334
321.83463,6.3385415,62,37,1,0,2504,320.7819,287.08334
322.34375,5.8294272,87,48,1,0,2505,321.83984,288.08334
321.84244,6.330729,53,35,1,0,2506,321.83984,288.08334
321.83984,6.3333335,56,36,1,0,2507,321.83984,288.08334
321.85938,6.3138022,58,35,1,0,2508,321.83984,288.08334
322.85938,5.3138022,96,54,1,0,2509,321.83984,288.08334
323.1315,5.0416665,93,46,1,0,2510,322.88412,289.08334
322.58725,5.5859375,86,51,1,0,2511,321.83984,288.08334
323.39584,4.7773438,96,47,1,0,2512,322.88412,289.08334
323.64713,4.5260415,94,36,1,0,2513,322.88412,289.08334
323.88412,4.2890625,87,46,1,0,2514,323.88412,290.08334
322.89322,5.2799478,53,36,1,0,2515,322.88412,289.08334
324.13672,4.0364585,84,44,1,0,2516,323.88412,290.08334
322.88412,5.2890625,62,41,1,0,2517,322.88412,289.08334
322.88672,5.2864585,56,35,1,0,2518,322.88412,289.08334
322.8828,5.2903647,58,24,1,0,2519,321.83984,288.08334
324.41147,3.7617188,87,44,1,0,2520,323.88412,290.08334
324.63412,3.5390625,86,49,1,0,2521,323.88412,290.08334
324.90366,3.2695312,89,47,1,0,2522,323.88412,290.08334
325.16275,3.0104167,86,53,1,0,2523,324.92188,291.08334
324.92188,3.251302,63,42,1,0,2524,324.92188,291.08334
325.444,2.7291667,89,54,1,0,2525,324.92188,291.08334
324.9271,3.2460938,51,37,1,0,2526,324.92188,291.08334
324.92188,3.251302,58,40,1,0,2527,324.92188,291.08334
324.92838,3.2447917,55,35,1,0,2528,324.92188,291.08334
325.6732,2.5,87,55,1,0,2529,324.92188,291.08334
325.95312,2.220052,96,51,1,0,2530,324.92188,291.08334
326.20572,1.9674479,93,54,1,0,2531,325.98438,292.08334
325.99088,2.1822917,55,39,1,0,2532,325.98438,292.08334
326.45312,1.7200521,96,58,1,0,2533,325.98438,292.08334
325.98438,2.188802,63,42,1,0,2534,325.98438,292.08334
325.99088,2.1822917,51,34,1,0,2535,325.98438,292.08334
325.97787,2.1953125,58,41,1,0,2536,324.92188,291.08334
326.6953,1.4778646,94,58,1,0,2537,325.98438,292.08334
326.96484,1.2083334,89,56,1,0,2538,325.98438,292.08334
327.22006,0.953125,86,58,1,0,2539,326.96875,293.08334
326.96225,1.2109375,58,44,1,0,2540,325.98438,292.08334
326.97787,1.1953125,51,45,1,0,2541,326.96875,293.08334
327.47134,0.70182294,89,59,1,0,2542,326.96875,293.08334
326.96875,1.2044271,63,54,1,0,2543,326.96875,293.08334
327.71744,0.45572916,87,66,1,0,2544,326.96875,293.08334
326.98697,1.1861979,55,48,1,0,2545,326.96875,293.08334
327.98306,0.23567708,87,65,1,0,2546,326.96875,293.08334
328.24088,2.9726562,84,61,1,0,2547,327.9987,294.08334
328.4974,2.7161458,87,63,1,0,2548,327.9987,294.08334
327.98828,3.2252605,62,63,1,0,2549,326.96875,293.08334
328.0065,3.2070312,53,53,1,0,2550,327.9987,294.08334
328.00522,3.2083333,58,52,1,0,2551,327.9987,294.08334
327.9987,3.2148438,56,54,1,0,2552,327.9987,294.08334
329.03125,2.1822917,96,65,1,0,2553,327.9987,294.08334
329.3047,1.9088541,93,66,1,0,2554,329.0612,295.08334
329.5651,1.6484375,96,67,1,0,2555,329.0612,295.08334
328.75522,2.4583333,86,70,1,0,2556,327.9987,294.08334
329.79688,1.4166666,94,69,1,0,2557,329.0612,295.08334
330.05728,1.15625,87,70,1,0,2558,330.05728,296.08334
329.07944,2.1341145,53,50,1,0,2559,329.0612,295.08334
330.29556,0.91796875,84,66,1,0,2560,330.05728,296.08334
329.0599,2.1536458,62,64,1,0,2561,327.9987,294.08334
329.0612,2.1523438,56,52,1,0,2562,329.0612,295.08334
329.0703,2.1432292,58,49,1,0,2563,329.0612,295.08334
330.54947,0.6640625,87,75,1,0,2564,330.05728,296.08334
330.80728,0.40625,86,79,1,0,2565,330.05728,296.08334
331.1146,1.9270834,89,75,1,0,2566,330.05728,296.08334
331.1289,1.9127604,63,51,1,0,2567,331.1289,297.08334
331.1328,1.9088541,55,46,1,0,2568,331.1289,297.08334
331.1107,1.9309896,58,54,1,0,2569,330.05728,296.08334
331.46225,1.5794271,86,84,1,0,2570,331.1289,297.08334
331.1354,1.90625,51,49,1,0,2571,331.1289,297.08334
331.78256,1.2591146,89,82,1,0,2572,331.1289,297.08334
332.10938,0.9322917,87,79,1,0,2573,331.1289,297.08334
332.77734,3.125,79,55,1,0,2574,331.1289,297.08334
332.79428,3.108073,58,41,1,0,2575,332.78452,298.08334
332.79166,3.110677,49,42,1,0,2576,332.78452,298.08334
332.7565,3.2005208,89,72,1,0,2577,331.1289,297.08334
335.86588,0.875,87,51,1,0,2578,335.33572,300.08334
335.90884,0.83203125,48,31,1,0,2579,335.33572,300.08334
335.88022,0.86067706,80,44,1,0,2580,335.33572,300.08334
335.9271,0.81380206,60,21,1,0,2581,335.33572,300.08334
336.59634,3.829427,68,53,1,0,2582,335.33572,300.08334
336.6263,3.7994792,48,41,1,0,2583,336.61133,301.08334
339.79297,0.6328125,52,35,1,0,2584,339.16733,303.08334
336.58463,3.8411458,75,71,1,0,2585,335.33572,300.08334
339.8086,0.6171875,55,37,1,0,2586,339.16733,303.08334
339.77475,0.6510417,73,49,1,0,2587,339.16733,303.08334
336.6263,3.7994792,60,41,1,0,2588,336.61133,301.08334
339.8086,0.6171875,70,30,1,0,2589,339.16733,303.08334
340.49088,3.2526042,52,40,1,0,2590,340.4453,304.08334
340.45053,3.2929688,55,34,1,0,2591,340.4453,304.08334
340.4232,3.3203125,73,60,1,0,2592,339.16733,303.08334
340.4401,3.3710938,70,50,1,0,2593,339.16733,303.08334
343.7396,0.6276042,72,42,1,0,2594,343.13455,306.08334
343.77084,0.5963542,68,13,1,0,2595,343.13455,306.08334
343.7461,0.62109375,53,23,1,0,2596,343.13455,306.08334
343.75522,0.6119792,56,21,1,0,2597,343.13455,306.08334
344.47266,3.4609375,56,35,1,0,2598,343.13455,306.08334
344.4857,3.4505208,53,33,1,0,2599,344.47916,307.08334
344.46875,3.46875,72,46,1,0,2600,343.13455,306.08334
344.4857,3.4921875,68,31,1,0,2601,344.47916,307.08334
347.96484,0.67838544,58,20,1,0,2602,347.3316,309.08334
347.96225,0.68098956,51,25,1,0,2603,347.3316,309.08334
347.92447,0.71875,75,41,1,0,2604,347.3316,309.08334
347.9453,0.6979167,67,24,1,0,2605,347.3316,309.08334
348.7474,3.063802,67,34,1,0,2606,347.3316,309.08334
348.77213,3.0390625,51,24,1,0,2607,348.7578,310.08334
348.76694,3.0442708,58,20,1,0,2608,348.7578,310.08334
348.7487,3.0625,75,41,1,0,2609,347.3316,309.08334
351.89844,0.092447914,75,51,1,0,2610,351.80338,312.08334
352.02344,1.5520834,72,51,1,0,2611,351.80338,312.08334
351.74478,1.8307291,68,40,1,0,2612,350.2806,311.08334
352.15366,1.421875,75,54,1,0,2613,351.80338,312.08334
351.8099,1.765625,60,24,1,0,2614,351.80338,312.08334
352.23178,1.34375,80,57,1,0,2615,351.80338,312.08334
351.80338,1.7721354,56,23,1,0,2616,351.80338,312.08334
352.33853,1.2369791,75,50,1,0,2617,351.80338,312.08334
352.46225,1.1132812,72,51,1,0,2618,351.80338,312.08334
352.59506,0.98046875,75,54,1,0,2619,351.80338,312.08334
352.69662,0.87890625,68,51,1,0,2620,352.69662,313.08334
352.81772,0.7578125,63,45,1,0,2621,352.69662,313.08334
352.92838,0.64713544,60,43,1,0,2622,352.69662,313.08334
353.0078,0.5677083,63,50,1,0,2623,352.69662,313.08334
353.15366,0.421875,56,51,1,0,2624,352.69662,313.08334
353.26822,0.30729166,51,51,1,0,2625,352.69662,313.08334
353.40494,0.17057292,48,32,1,0,2626,352.69662,313.08334
353.5013,0.07421875,51,56,1,0,2627,352.69662,313.08334
353.63412,0.071614586,44,59,1,0,2628,353.63412,314.08334
353.73828,0.059895832,39,57,1,0,2629,353.63412,314.08334
353.85938,0.071614586,36,46,1,0,2630,353.63412,314.08334
353.9297,0.088541664,39,50,1,0,2631,353.63412,314.08334
354.0482,0.091145836,32,57,1,0,2632,353.63412,314.08334
354.15234,0.09375,36,49,1,0,2633,353.63412,314.08334
354.27344,0.106770836,39,43,1,0,2634,353.63412,314.08334
354.38022,0.041666668,44,58,1,0,2635,353.63412,314.08334
354.52475,0.18880208,43,44,1,0,2636,353.63412,314.08334
354.681,0.069010414,51,38,1,0,2637,354.52994,315.08334
354.53125,0.2734375,46,47,1,0,2638,354.52994,315.08334
354.52994,0.32291666,34,41,1,0,2639,354.52994,315.08334
354.52994,0.328125,39,48,1,0,2640,354.52994,315.08334
354.806,0.079427086,49,38,1,0,2641,354.52994,315.08334
354.90366,0.0859375,51,42,1,0,2642,354.52994,315.08334
355.0482,0.09375,55,45,1,0,2643,354.52994,315.08334
355.15366,0.0859375,51,52,1,0,2644,354.52994,315.08334
355.27344,0.1015625,49,50,1,0,2645,354.52994,315.08334
355.3854,0.049479168,51,52,1,0,2646,354.52994,315.08334
355.48828,0.05859375,55,60,1,0,2647,354.52994,315.08334
355.63022,0.098958336,63,54,1,0,2648,355.50455,316.08334
355.7526,0.067708336,61,51,1,0,2649,355.50455,316.08334
355.5065,0.38671875,46,46,1,0,2650,355.50455,316.08334
355.8607,0.069010414,63,59,1,0,2651,355.50455,316.08334
355.5026,0.4296875,34,49,1,0,2652,354.52994,315.08334
355.5104,0.42578125,39,46,1,0,2653,355.50455,316.08334
355.97525,0.108072914,67,59,1,0,2654,355.50455,316.08334
356.07162,0.09375,63,58,1,0,2655,355.50455,316.08334
356.1979,0.09765625,61,57,1,0,2656,355.50455,316.08334
356.3099,0.044270832,63,61,1,0,2657,355.50455,316.08334
356.4336,0.092447914,67,62,1,0,2658,356.4336,317.08334
356.5703,0.100260414,75,63,1,0,2659,356.4336,317.08334
356.4336,0.37890625,46,50,1,0,2660,356.4336,317.08334
356.4336,0.37890625,34,51,1,0,2661,356.4336,317.08334
356.4297,0.3828125,39,52,1,0,2662,355.50455,316.08334
356.6836,0.12890625,73,57,1,0,2663,356.4336,317.08334
356.79556,0.087239586,75,69,1,0,2664,356.4336,317.08334
356.90234,0.118489586,79,71,1,0,2665,356.4336,317.08334
357.02084,0.0859375,75,69,1,0,2666,356.4336,317.08334
357.1289,0.096354164,73,59,1,0,2667,356.4336,317.08334
357.22397,0.045572918,75,73,1,0,2668,356.4336,317.08334
357.3763,0.14453125,80,66,1,0,2669,357.37564,318.08334
357.50522,0.3268229,87,60,1,0,2670,357.37564,318.08334
357.61588,0.21614583,84,59,1,0,2671,357.37564,318.08334
357.73178,0.100260414,87,64,1,0,2672,357.37564,318.08334
357.35025,0.5,48,50,1,0,2673,356.4336,317.08334
357.3776,0.4921875,36,46,1,0,2674,357.37564,318.08334
357.375,0.91276044,39,40,1,0,2675,356.4336,317.08334
357.83853,0.44921875,92,69,1,0,2676,357.37564,318.08334
357.95444,0.33333334,87,59,1,0,2677,357.37564,318.08334
358.0599,0.22786458,84,58,1,0,2678,357.37564,318.08334
358.18228,0.10546875,87,61,1,0,2679,357.37564,318.08334
358.29428,0.03125,80,53,1,0,2680,358.29428,319.08334
358.40103,0.33072916,75,61,1,0,2681,358.29428,319.08334
358.51694,0.21484375,72,55,1,0,2682,358.29428,319.08334
358.6276,0.104166664,75,59,1,0,2683,358.29428,319.08334
358.73047,0.036458332,68,60,1,0,2684,358.29428,319.08334
358.84634,0.2825521,63,52,1,0,2685,358.29428,319.08334
358.96225,0.16666667,60,49,1,0,2686,358.29428,319.08334
359.0703,0.05859375,63,56,1,0,2687,358.29428,319.08334
359.1875,0.037760418,56,50,1,0,2688,359.1875,320.08334
359.29947,0.13671875,51,56,1,0,2689,359.1875,320.08334
359.4271,0.075520836,48,50,1,0,2690,359.1875,320.08334
359.54166,0.044270832,51,51,1,0,2691,359.1875,320.08334
359.64713,0.098958336,44,56,1,0,2692,359.1875,320.08334
359.73828,0.096354164,51,49,1,0,2693,359.1875,320.08334
359.86978,0.087239586,48,47,1,0,2694,359.1875,320.08334
359.98047,0.059895832,51,43,1,0,2695,359.1875,320.08334
360.11197,0.08203125,46,48,1,0,2696,360.11133,321.08334
360.21875,0.33333334,51,42,1,0,2697,360.11133,321.08334
360.1107,0.44140625,43,43,1,0,2698,359.1875,320.08334
360.33853,0.21354167,49,50,1,0,2699,360.11133,321.08334
360.1172,0.43489584,31,47,1,0,2700,360.11133,321.08334
360.10287,0.44921875,39,43,1,0,2701,359.1875,320.08334
360.48438,0.067708336,51,49,1,0,2702,360.11133,321.08334
360.59897,0.087239586,58,49,1,0,2703,360.11133,321.08334
360.69922,0.071614586,51,51,1,0,2704,360.11133,321.08334
360.806,0.18098958,49,55,1,0,2705,360.11133,321.08334
360.90625,0.080729164,51,54,1,0,2706,360.11133,321.08334
361.04297,0.06640625,58,64,1,0,2707,360.11133,321.08334
361.16797,0.083333336,63,62,1,0,2708,361.05338,322.08334
361.28125,0.059895832,61,58,1,0,2709,361.05338,322.08334
361.04947,0.29947916,55,47,1,0,2710,360.11133,321.08334
361.05728,0.34114584,43,43,1,0,2711,361.05338,322.08334
361.0599,0.3658854,51,51,1,0,2712,361.05338,322.08334
361.39062,0.09765625,63,63,1,0,2713,361.05338,322.08334
361.52734,0.114583336,70,65,1,0,2714,361.05338,322.08334
361.63022,0.0859375,63,63,1,0,2715,361.05338,322.08334
361.73306,0.096354164,61,61,1,0,2716,361.05338,322.08334
361.83984,0.040364582,63,60,1,0,2717,361.05338,322.08334
361.97266,0.055989582,70,70,1,0,2718,361.05338,322.08334
362.10025,0.087239586,75,71,1,0,2719,361.98438,323.08334
362.21353,0.08984375,73,61,1,0,2720,361.98438,323.08334
361.98438,0.3984375,43,52,1,0,2721,361.98438,323.08334
361.98828,0.39453125,55,51,1,0,2722,361.98438,323.08334
362.3112,0.09375,75,69,1,0,2723,361.98438,323.08334
361.98438,0.4596354,51,48,1,0,2724,361.98438,323.08334
362.4362,0.12760417,82,71,1,0,2725,361.98438,323.08334
362.5482,0.08203125,75,69,1,0,2726,361.98438,323.08334
362.64194,0.098958336,73,63,1,0,2727,361.98438,323.08334
362.7604,0.083333336,75,68,1,0,2728,361.98438,323.08334
362.8763,0.108072914,72,61,1,0,2729,361.98438,323.08334
363.0065,0.0546875,75,61,1,0,2730,362.89844,324.08334
362.89713,0.85286456,44,53,1,0,2731,361.98438,323.08334
363.14713,0.60286456,72,47,1,0,2732,362.89844,324.08334
362.90366,0.8463542,51,46,1,0,2733,362.89844,324.08334
362.89975,0.85026044,56,50,1,0,2734,362.89844,324.08334
363.23438,0.515625,75,59,1,0,2735,362.89844,324.08334
363.3672,0.3828125,84,68,1,0,2736,362.89844,324.08334
363.4961,0.25390625,75,70,1,0,2737,362.89844,324.08334
363.60938,0.140625,72,57,1,0,2738,362.89844,324.08334
363.72397,0.075520836,75,66,1,0,2739,362.89844,324.08334
363.83984,0.098958336,73,65,1,0,2740,362.89844,324.08334
363.95444,0.71744794,80,63,1,0,2741,363.8431,325.08334
363.83594,0.8359375,65,59,1,0,2742,362.89844,324.08334
363.85287,0.81901044,53,49,1,0,2743,363.8431,325.08334
363.84634,0.8255208,56,52,1,0,2744,363.8431,325.08334
364.0638,0.60807294,73,58,1,0,2745,363.8431,325.08334
364.17056,0.50130206,80,67,1,0,2746,363.8431,325.08334
364.27475,0.3971354,85,77,1,0,2747,363.8431,325.08334
364.39975,0.2721354,80,71,1,0,2748,363.8431,325.08334
364.51303,0.15885417,77,72,1,0,2749,363.8431,325.08334
364.6354,0.083333336,80,75,1,0,2750,363.8431,325.08334
364.7643,0.4205729,75,72,1,0,2751,363.8431,325.08334
364.88672,0.2981771,87,74,1,0,2752,364.76498,326.08334
364.76694,0.41796875,60,60,1,0,2753,364.76498,326.08334
364.76562,0.41927084,48,56,1,0,2754,364.76498,326.08334
364.76172,0.4231771,56,54,1,0,2755,363.8431,325.08334
364.99478,0.19010417,80,79,1,0,2756,364.76498,326.08334
365.10678,0.140625,87,84,1,0,2757,364.76498,326.08334
365.23306,0.08984375,76,70,1,0,2758,364.76498,326.08334
365.20444,0.4674479,60,68,1,0,2759,364.76498,326.08334
365.22134,0.45052084,48,58,1,0,2760,364.76498,326.08334
365.3646,0.30729166,88,77,1,0,2761,364.76498,326.08334
365.21744,0.4544271,56,66,1,0,2762,364.76498,326.08334
365.46744,0.20442708,80,82,1,0,2763,364.76498,326.08334
365.5703,0.1015625,88,79,1,0,2764,364.76498,326.08334
365.69272,0.096354164,77,77,1,0,2765,365.69272,327.08334
365.8164,0.6223958,89,79,1,0,2766,365.69272,327.08334
365.69272,0.74609375,61,73,1,0,2767,365.69272,327.08334
365.69662,0.7421875,49,69,1,0,2768,365.69272,327.08334
365.6862,0.7526042,56,60,1,0,2769,364.76498,326.08334
365.92578,0.5130208,77,80,1,0,2770,365.69272,327.08334
366.04947,0.3893229,80,83,1,0,2771,365.69272,327.08334
366.1732,0.265625,89,81,1,0,2772,365.69272,327.08334
366.27866,0.16015625,85,81,1,0,2773,365.69272,327.08334
366.39322,0.13151042,80,76,1,0,2774,365.69272,327.08334
366.48828,0.1015625,85,82,1,0,2775,365.69272,327.08334
366.6107,0.90755206,79,81,1,0,2776,365.69272,327.08334
366.72134,0.796875,87,81,1,0,2777,366.6146,328.08334
366.61328,0.90494794,58,80,1,0,2778,365.69272,327.08334
366.61588,0.90234375,46,74,1,0,2779,366.6146,328.08334
366.6172,0.9010417,51,73,1,0,2780,366.6146,328.08334
366.83725,0.68098956,85,88,1,0,2781,366.6146,328.08334
366.94662,0.57161456,87,85,1,0,2782,366.6146,328.08334
367.07162,0.4466146,91,87,1,0,2783,366.6146,328.08334
367.18228,0.3359375,87,86,1,0,2784,366.6146,328.08334
367.28384,0.234375,85,89,1,0,2785,366.6146,328.08334
367.40884,0.78125,87,85,1,0,2786,366.6146,328.08334
367.55338,0.63671875,60,72,1,0,2787,366.6146,328.08334
367.5599,0.6302083,48,67,1,0,2788,367.55664,329.08334
367.5638,0.62630206,51,66,1,0,2789,367.55664,329.08334
367.55078,0.63932294,79,87,1,0,2790,366.6146,328.08334
367.7396,0.45052084,91,87,1,0,2791,367.55664,329.08334
367.88022,0.30989584,84,83,1,0,2792,367.55664,329.08334
368.05728,0.1328125,87,34,1,0,2793,367.55664,329.08334
368.0026,0.1875,91,83,1,0,2794,367.55664,329.08334
368.19662,1.0130209,48,60,1,0,2795,367.55664,329.08334
368.1901,1.0195312,51,57,1,0,2796,367.55664,329.08334
368.32812,0.88151044,92,85,1,0,2797,367.55664,329.08334
368.16016,1.0494791,80,93,1,0,2798,367.55664,329.08334
368.5026,0.70703125,87,87,1,0,2799,367.55664,329.08334
368.1836,1.0260416,60,67,1,0,2800,367.55664,329.08334
368.64975,0.5598958,92,86,1,0,2801,367.55664,329.08334
369.15884,0.8333333,56,49,1,0,2802,369.15884,330.08334
369.8646,0.6458333,57,64,1,0,2803,369.15884,330.08334
369.19922,1.8893229,49,47,1,0,2804,369.15884,330.08334
370.45444,0.63411456,58,65,1,0,2805,370.45444,331.08334
369.1289,1.9596354,77,78,1,0,2806,367.55664,329.08334
370.9896,0.60286456,60,58,1,0,2807,370.45444,331.08334
370.97006,0.6223958,72,70,1,0,2808,370.45444,331.08334
370.70963,0.8828125,70,66,1,0,2809,370.45444,331.08334
371.23306,0.359375,61,70,1,0,2810,370.45444,331.08334
371.22397,0.37890625,73,72,1,0,2811,370.45444,331.08334
371.6237,1.7018229,51,52,1,0,2812,371.61133,332.08334
371.60806,1.7174479,55,46,1,0,2813,370.45444,331.08334
371.6146,1.7109375,58,56,1,0,2814,371.61133,332.08334
371.5768,1.7486979,67,64,1,0,2815,370.45444,331.08334
372.306,2.7630208,75,79,1,0,2816,371.61133,332.08334
373.65884,1.4101562,73,56,1,0,2817,373.24414,333.08334
373.2578,1.8111979,60,58,1,0,2818,373.24414,333.08334
373.9349,1.1341146,72,64,1,0,2819,373.24414,333.08334
374.20312,0.86588544,84,73,1,0,2820,373.24414,333.08334
374.46875,0.60026044,82,73,1,0,2821,374.46875,334.08334
374.71744,0.3515625,79,78,1,0,2822,374.46875,334.08334
373.23047,1.8697916,63,81,1,0,2823,371.61133,332.08334
375.02734,0.72526044,56,66,1,0,2824,374.46875,334.08334
375.0078,0.7447917,82,86,1,0,2825,374.46875,334.08334
375.01303,0.7395833,60,71,1,0,2826,374.46875,334.08334
375.2982,0.4544271,80,85,1,0,2827,374.46875,334.08334
375.6771,1.2513021,84,85,1,0,2828,375.6771,335.08334
376.0039,0.9244792,80,79,1,0,2829,375.6771,335.08334
375.7018,1.2265625,56,58,1,0,2830,375.6771,335.08334
375.65756,1.2708334,60,73,1,0,2831,374.46875,334.08334
376.29688,0.63151044,75,84,1,0,2832,375.6771,335.08334
376.64453,0.41796875,76,76,1,0,2833,375.6771,335.08334
376.59375,0.53776044,56,51,1,0,2834,375.6771,335.08334
376.5625,0.75911456,60,74,1,0,2835,375.6771,335.08334
377.32553,0.28515625,57,62,1,0,2836,377.0228,336.08334
377.0026,0.9270833,49,53,1,0,2837,375.6771,335.08334
377.59244,0.3372396,58,62,1,0,2838,377.0228,336.08334
377.84244,0.3125,49,20,1,0,2839,377.0228,336.08334
377.84634,0.33203125,60,69,1,0,2840,377.0228,336.08334
378.41016,0.3528646,49,43,1,0,2841,378.1224,337.08334
378.1224,0.75130206,61,60,1,0,2842,378.1224,337.08334
377.04297,1.8554688,77,71,1,0,2843,377.0228,336.08334
378.6836,0.328125,51,49,1,0,2844,378.1224,337.08334
378.72134,0.375,72,65,1,0,2845,378.1224,337.08334
378.96353,0.32291666,53,57,1,0,2846,378.1224,337.08334
378.9974,0.3268229,73,66,1,0,2847,378.1224,337.08334
378.4271,0.91536456,70,55,1,0,2848,378.1224,337.08334
379.61197,0.32552084,39,59,1,0,2849,379.30273,338.08334
379.3047,0.71223956,67,59,1,0,2850,379.30273,338.08334
379.30078,0.7916667,51,56,1,0,2851,378.1224,337.08334
379.96094,0.26822916,41,46,1,0,2852,379.30273,338.08334
380.2643,0.5026042,43,48,1,0,2853,379.30273,338.08334
379.9375,1.1731771,75,67,1,0,2854,379.30273,338.08334
380.78384,1.2265625,68,38,1,0,2855,380.77866,339.08334
380.77866,1.8997396,63,36,1,0,2856,380.77866,339.08334
380.74478,1.9414062,72,52,1,0,2857,379.30273,338.08334
380.78647,2.5963542,44,33,1,0,2858,380.77866,339.08334
382.3685,1.2135416,68,48,1,0,2859,382.3672,340.08334
382.3672,1.2890625,41,53,1,0,2860,382.3672,340.08334
382.36328,1.4726562,73,65,1,0,2861,380.77866,339.08334
383.03906,0.890625,65,66,1,0,2862,382.3672,340.08334
383.68228,0.68619794,43,77,1,0,2863,383.67905,341.08334
380.77213,3.5963542,32,31,1,0,2864,379.30273,338.08334
383.67578,0.72265625,70,82,1,0,2865,382.3672,340.08334
383.03256,1.3971354,37,67,1,0,2866,382.3672,340.08334
384.3672,1.0039062,67,74,1,0,2867,383.67905,341.08334
384.3737,0.9973958,32,62,1,0,2868,383.67905,341.08334
384.3685,1.0026041,46,73,1,0,2869,383.67905,341.08334
384.36197,1.0091146,64,82,1,0,2870,383.67905,341.08334
384.36197,1.0091146,73,84,1,0,2871,383.67905,341.08334
385.26303,2.9179688,64,80,1,0,2872,383.67905,341.08334
385.28125,3.5690105,46,72,1,0,2873,385.27734,342.08334
385.27734,4.7916665,67,72,1,0,2874,385.27734,342.08334
385.25912,4.809896,73,84,1,0,2875,383.67905,341.08334
385.28906,4.7799478,32,63,1,0,2876,385.27734,342.08334
388.0599,2.0091145,63,44,1,0,2877,388.0599,343.08334
390.1328,0.35677084,72,44,1,0,2878,388.0599,343.08334
390.17056,0.328125,44,35,1,0,2879,390.14975,344.08334
390.14844,0.37760416,68,33,1,0,2880,388.0599,343.08334
390.16147,0.3763021,63,29,1,0,2881,390.14975,344.08334
390.14975,0.39322916,32,34,1,0,2882,390.14975,344.08334
391.89453,1.3789062,44,22,1,0,2883,390.14975,344.08334
391.8789,1.3945312,72,38,1,0,2884,390.14975,344.08334
391.90234,1.3710938,63,24,1,0,2885,391.89713,345.08334
391.89713,1.3763021,32,18,1,0,2886,391.89713,345.08334
391.89975,1.3736979,68,28,1,0,2887,391.89713,345.08334
