onset_beat,duration_beat,onset_quarter,duration_quarter,onset_div,duration_div,pitch,voice,id,last_beat,last_beat_ref
0.5,0.16666667,0.5,0.16666667,60,20,68,5,n3,-10.0,-10.0
0.5,0.16666667,0.5,0.16666667,60,20,72,5,n4,-10.0,-10.0
0.5,0.16666667,0.5,0.16666667,60,20,77,5,n5,-10.0,-10.0
0.6666667,0.16666667,0.6666667,0.16666667,80,20,70,5,n6,-10.0,-10.0
0.6666667,0.16666667,0.6666667,0.16666667,80,20,73,5,n7,-10.0,-10.0
0.6666667,0.16666667,0.6666667,0.16666667,80,20,79,5,n8,-10.0,-10.0
0.8333333,0.16666667,0.8333333,0.16666667,100,20,68,5,n9,-10.0,-10.0
0.8333333,0.16666667,0.8333333,0.16666667,100,20,72,5,n10,-10.0,-10.0
0.8333333,0.16666667,0.8333333,0.16666667,100,20,77,5,n11,-10.0,-10.0
1.0,0.16666667,1.0,0.16666667,120,20,67,5,n12,1.0,2.447914
1.0,0.16666667,1.0,0.16666667,120,20,70,5,n13,1.0,2.447914
1.0,0.16666667,1.0,0.16666667,120,20,75,5,n14,1.0,2.447914
1.1666666,0.16666667,1.1666666,0.16666667,140,20,68,5,n15,1.0,2.447914
1.1666666,0.16666667,1.1666666,0.16666667,140,20,72,5,n16,1.0,2.447914
1.1666666,0.16666667,1.1666666,0.16666667,140,20,77,5,n17,1.0,2.447914
1.3333334,0.16666667,1.3333334,0.16666667,160,20,67,5,n18,1.0,2.447914
1.3333334,0.16666667,1.3333334,0.16666667,160,20,70,5,n19,1.0,2.447914
1.3333334,0.16666667,1.3333334,0.16666667,160,20,75,5,n20,1.0,2.447914
1.5,0.16666667,1.5,0.16666667,180,20,65,5,n21,1.0,2.447914
1.5,0.16666667,1.5,0.16666667,180,20,68,5,n22,1.0,2.447914
1.5,0.16666667,1.5,0.16666667,180,20,73,5,n23,1.0,2.447914
1.6666666,0.16666667,1.6666666,0.16666667,200,20,67,5,n24,1.0,2.447914
1.6666666,0.16666667,1.6666666,0.16666667,200,20,70,5,n25,1.0,2.447914
1.6666666,0.16666667,1.6666666,0.16666667,200,20,75,5,n26,1.0,2.447914
1.8333334,0.16666667,1.8333334,0.16666667,220,20,65,5,n27,1.0,2.447914
1.8333334,0.16666667,1.8333334,0.16666667,220,20,68,5,n28,1.0,2.447914
1.8333334,0.16666667,1.8333334,0.16666667,220,20,73,5,n29,1.0,2.447914
2.0,0.16666667,2.0,0.16666667,240,20,63,5,n31,2.0,3.103629
2.0,0.16666667,2.0,0.16666667,240,20,67,5,n32,2.0,3.103629
2.0,0.16666667,2.0,0.16666667,240,20,72,5,n33,2.0,3.103629
2.1666667,0.16666667,2.1666667,0.16666667,260,20,65,5,n34,2.0,3.103629
2.1666667,0.16666667,2.1666667,0.16666667,260,20,68,5,n35,2.0,3.103629
2.1666667,0.16666667,2.1666667,0.16666667,260,20,73,5,n36,2.0,3.103629
2.3333333,0.16666667,2.3333333,0.16666667,280,20,63,5,n37,2.0,3.103629
2.3333333,0.16666667,2.3333333,0.16666667,280,20,67,5,n38,2.0,3.103629
2.3333333,0.16666667,2.3333333,0.16666667,280,20,72,5,n39,2.0,3.103629
2.5,0.16666667,2.5,0.16666667,300,20,61,5,n40,2.0,3.103629
2.5,0.16666667,2.5,0.16666667,300,20,65,5,n41,2.0,3.103629
2.5,0.16666667,2.5,0.16666667,300,20,70,5,n42,2.0,3.103629
2.6666667,0.16666667,2.6666667,0.16666667,320,20,63,5,n43,2.0,3.103629
2.6666667,0.16666667,2.6666667,0.16666667,320,20,67,5,n44,2.0,3.103629
2.6666667,0.16666667,2.6666667,0.16666667,320,20,72,5,n45,2.0,3.103629
2.8333333,0.16666667,2.8333333,0.16666667,340,20,61,5,n46,2.0,3.103629
2.8333333,0.16666667,2.8333333,0.16666667,340,20,65,5,n47,2.0,3.103629
2.8333333,0.16666667,2.8333333,0.16666667,340,20,70,5,n48,2.0,3.103629
3.0,0.16666667,3.0,0.16666667,360,20,60,5,n49,3.0,3.653843
3.0,0.16666667,3.0,0.16666667,360,20,63,5,n50,3.0,3.653843
3.0,0.16666667,3.0,0.16666667,360,20,68,5,n51,3.0,3.653843
3.1666667,0.16666667,3.1666667,0.16666667,380,20,61,5,n52,3.0,3.653843
3.1666667,0.16666667,3.1666667,0.16666667,380,20,65,5,n53,3.0,3.653843
3.1666667,0.16666667,3.1666667,0.16666667,380,20,70,5,n54,3.0,3.653843
3.3333333,0.16666667,3.3333333,0.16666667,400,20,60,5,n55,3.0,3.653843
3.3333333,0.16666667,3.3333333,0.16666667,400,20,63,5,n56,3.0,3.653843
3.3333333,0.16666667,3.3333333,0.16666667,400,20,68,5,n57,3.0,3.653843
3.5,0.16666667,3.5,0.16666667,420,20,58,5,n58,3.0,3.653843
3.5,0.16666667,3.5,0.16666667,420,20,61,5,n59,3.0,3.653843
3.5,0.16666667,3.5,0.16666667,420,20,67,5,n60,3.0,3.653843
3.6666667,0.16666667,3.6666667,0.16666667,440,20,60,5,n61,3.0,3.653843
3.6666667,0.16666667,3.6666667,0.16666667,440,20,63,5,n62,3.0,3.653843
3.6666667,0.16666667,3.6666667,0.16666667,440,20,68,5,n63,3.0,3.653843
3.8333333,0.16666667,3.8333333,0.16666667,460,20,58,5,n64,3.0,3.653843
3.8333333,0.16666667,3.8333333,0.16666667,460,20,61,5,n65,3.0,3.653843
3.8333333,0.16666667,3.8333333,0.16666667,460,20,67,5,n66,3.0,3.653843
4.0,0.16666667,4.0,0.16666667,480,20,56,5,n77,4.0,4.4664755
4.0,0.16666667,4.0,0.16666667,480,20,65,5,n78,4.0,4.4664755
4.0,0.5,4.0,0.5,480,60,65,6,n93,4.0,4.4664755
4.1666665,0.16666667,4.1666665,0.16666667,500,20,60,5,n79,4.0,4.4664755
4.3333335,0.16666667,4.3333335,0.16666667,520,20,53,5,n80,4.0,4.4664755
4.5,0.33333334,4.5,0.33333334,540,40,59,1,n68,4.0,4.4664755
4.5,0.33333334,4.5,0.33333334,540,40,71,1,n69,4.0,4.4664755
4.5,0.16666667,4.5,0.16666667,540,20,59,5,n81,4.0,4.4664755
4.6666665,0.16666667,4.6666665,0.16666667,560,20,65,5,n82,4.0,4.4664755
4.6666665,0.16666667,4.6666665,0.16666667,560,20,68,5,n83,4.0,4.4664755
4.8333335,0.16666667,4.8333335,0.16666667,580,20,60,1,n70,4.0,4.4664755
4.8333335,0.16666667,4.8333335,0.16666667,580,20,72,1,n71,4.0,4.4664755
4.8333335,0.16666667,4.8333335,0.16666667,580,20,60,5,n84,4.0,4.4664755
5.0,0.16666667,5.0,0.16666667,600,20,55,5,n85,5.0,5.2924623
5.0,0.16666667,5.0,0.16666667,600,20,64,5,n86,5.0,5.2924623
5.0,0.5,5.0,0.5,600,60,64,6,n94,5.0,5.2924623
5.1666665,0.16666667,5.1666665,0.16666667,620,20,59,5,n87,5.0,5.2924623
5.3333335,0.16666667,5.3333335,0.16666667,640,20,53,5,n88,5.0,5.2924623
5.5,0.33333334,5.5,0.33333334,660,40,61,1,n73,5.0,5.2924623
5.5,0.33333334,5.5,0.33333334,660,40,73,1,n74,5.0,5.2924623
5.5,0.16666667,5.5,0.16666667,660,20,61,5,n89,5.0,5.2924623
5.6666665,0.16666667,5.6666665,0.16666667,680,20,64,5,n90,5.0,5.2924623
5.6666665,0.16666667,5.6666665,0.16666667,680,20,67,5,n91,5.0,5.2924623
5.8333335,0.16666667,5.8333335,0.16666667,700,20,60,1,n75,5.0,5.2924623
5.8333335,0.16666667,5.8333335,0.16666667,700,20,72,1,n76,5.0,5.2924623
5.8333335,0.16666667,5.8333335,0.16666667,700,20,60,5,n92,5.0,5.2924623
6.0,0.5,6.0,0.5,720,60,65,1,n95,6.0,6.2045875
6.0,0.16666667,6.0,0.16666667,720,20,56,5,n97,6.0,6.2045875
6.1666665,0.16666667,6.1666665,0.16666667,740,20,60,5,n98,6.0,6.2045875
6.3333335,0.16666667,6.3333335,0.16666667,760,20,53,5,n99,6.0,6.2045875
6.5,0.16666667,6.5,0.16666667,780,20,68,5,n100,6.0,6.2045875
6.5,0.16666667,6.5,0.16666667,780,20,72,5,n101,6.0,6.2045875
6.5,0.16666667,6.5,0.16666667,780,20,77,5,n102,6.0,6.2045875
6.6666665,0.16666667,6.6666665,0.16666667,800,20,70,5,n103,6.0,6.2045875
6.6666665,0.16666667,6.6666665,0.16666667,800,20,73,5,n104,6.0,6.2045875
6.6666665,0.16666667,6.6666665,0.16666667,800,20,79,5,n105,6.0,6.2045875
6.8333335,0.16666667,6.8333335,0.16666667,820,20,68,5,n106,6.0,6.2045875
6.8333335,0.16666667,6.8333335,0.16666667,820,20,72,5,n107,6.0,6.2045875
6.8333335,0.16666667,6.8333335,0.16666667,820,20,77,5,n108,6.0,6.2045875
7.0,0.16666667,7.0,0.16666667,840,20,67,5,n109,7.0,8.064896
7.0,0.16666667,7.0,0.16666667,840,20,70,5,n110,7.0,8.064896
7.0,0.16666667,7.0,0.16666667,840,20,75,5,n111,7.0,8.064896
7.1666665,0.16666667,7.1666665,0.16666667,860,20,68,5,n112,7.0,8.064896
7.1666665,0.16666667,7.1666665,0.16666667,860,20,72,5,n113,7.0,8.064896
7.1666665,0.16666667,7.1666665,0.16666667,860,20,77,5,n114,7.0,8.064896
7.3333335,0.16666667,7.3333335,0.16666667,880,20,67,5,n115,7.0,8.064896
7.3333335,0.16666667,7.3333335,0.16666667,880,20,70,5,n116,7.0,8.064896
7.3333335,0.16666667,7.3333335,0.16666667,880,20,75,5,n117,7.0,8.064896
7.5,0.16666667,7.5,0.16666667,900,20,65,5,n118,7.0,8.064896
7.5,0.16666667,7.5,0.16666667,900,20,68,5,n119,7.0,8.064896
7.5,0.16666667,7.5,0.16666667,900,20,73,5,n120,7.0,8.064896
7.6666665,0.16666667,7.6666665,0.16666667,920,20,67,5,n121,7.0,8.064896
7.6666665,0.16666667,7.6666665,0.16666667,920,20,70,5,n122,7.0,8.064896
7.6666665,0.16666667,7.6666665,0.16666667,920,20,75,5,n123,7.0,8.064896
7.8333335,0.16666667,7.8333335,0.16666667,940,20,65,5,n124,7.0,8.064896
7.8333335,0.16666667,7.8333335,0.16666667,940,20,68,5,n125,7.0,8.064896
7.8333335,0.16666667,7.8333335,0.16666667,940,20,73,5,n126,7.0,8.064896
8.0,0.16666667,8.0,0.16666667,960,20,63,5,n128,8.0,8.656508
8.0,0.16666667,8.0,0.16666667,960,20,67,5,n129,8.0,8.656508
8.0,0.16666667,8.0,0.16666667,960,20,72,5,n130,8.0,8.656508
8.166667,0.16666667,8.166667,0.16666667,980,20,65,5,n131,8.0,8.656508
8.166667,0.16666667,8.166667,0.16666667,980,20,68,5,n132,8.0,8.656508
8.166667,0.16666667,8.166667,0.16666667,980,20,73,5,n133,8.0,8.656508
8.333333,0.16666667,8.333333,0.16666667,1000,20,63,5,n134,8.0,8.656508
8.333333,0.16666667,8.333333,0.16666667,1000,20,67,5,n135,8.0,8.656508
8.333333,0.16666667,8.333333,0.16666667,1000,20,72,5,n136,8.0,8.656508
8.5,0.16666667,8.5,0.16666667,1020,20,61,5,n137,8.0,8.656508
8.5,0.16666667,8.5,0.16666667,1020,20,65,5,n138,8.0,8.656508
8.5,0.16666667,8.5,0.16666667,1020,20,70,5,n139,8.0,8.656508
8.666667,0.16666667,8.666667,0.16666667,1040,20,63,5,n140,8.0,8.656508
8.666667,0.16666667,8.666667,0.16666667,1040,20,67,5,n141,8.0,8.656508
8.666667,0.16666667,8.666667,0.16666667,1040,20,72,5,n142,8.0,8.656508
8.833333,0.16666667,8.833333,0.16666667,1060,20,61,5,n143,8.0,8.656508
8.833333,0.16666667,8.833333,0.16666667,1060,20,65,5,n144,8.0,8.656508
8.833333,0.16666667,8.833333,0.16666667,1060,20,70,5,n145,8.0,8.656508
9.0,0.16666667,9.0,0.16666667,1080,20,60,5,n146,9.0,9.196038
9.0,0.16666667,9.0,0.16666667,1080,20,63,5,n147,9.0,9.196038
9.0,0.16666667,9.0,0.16666667,1080,20,68,5,n148,9.0,9.196038
9.166667,0.16666667,9.166667,0.16666667,1100,20,61,5,n149,9.0,9.196038
9.166667,0.16666667,9.166667,0.16666667,1100,20,65,5,n150,9.0,9.196038
9.166667,0.16666667,9.166667,0.16666667,1100,20,70,5,n151,9.0,9.196038
9.333333,0.16666667,9.333333,0.16666667,1120,20,60,5,n152,9.0,9.196038
9.333333,0.16666667,9.333333,0.16666667,1120,20,63,5,n153,9.0,9.196038
9.333333,0.16666667,9.333333,0.16666667,1120,20,68,5,n154,9.0,9.196038
9.5,0.16666667,9.5,0.16666667,1140,20,58,5,n155,9.0,9.196038
9.5,0.16666667,9.5,0.16666667,1140,20,61,5,n156,9.0,9.196038
9.5,0.16666667,9.5,0.16666667,1140,20,67,5,n157,9.0,9.196038
9.666667,0.16666667,9.666667,0.16666667,1160,20,60,5,n158,9.0,9.196038
9.666667,0.16666667,9.666667,0.16666667,1160,20,63,5,n159,9.0,9.196038
9.666667,0.16666667,9.666667,0.16666667,1160,20,68,5,n160,9.0,9.196038
9.833333,0.16666667,9.833333,0.16666667,1180,20,58,5,n161,9.0,9.196038
9.833333,0.16666667,9.833333,0.16666667,1180,20,61,5,n162,9.0,9.196038
9.833333,0.16666667,9.833333,0.16666667,1180,20,67,5,n163,9.0,9.196038
10.0,0.16666667,10.0,0.16666667,1200,20,56,5,n174,10.0,9.937223
10.0,0.5,10.0,0.5,1200,60,65,6,n188,10.0,9.937223
10.166667,0.16666667,10.166667,0.16666667,1220,20,60,5,n175,10.0,9.937223
10.333333,0.16666667,10.333333,0.16666667,1240,20,53,5,n176,10.0,9.937223
10.5,0.33333334,10.5,0.33333334,1260,40,59,1,n165,10.0,9.937223
10.5,0.33333334,10.5,0.33333334,1260,40,71,1,n166,10.0,9.937223
10.5,0.16666667,10.5,0.16666667,1260,20,59,5,n177,10.0,9.937223
10.666667,0.16666667,10.666667,0.16666667,1280,20,65,5,n178,10.0,9.937223
10.666667,0.16666667,10.666667,0.16666667,1280,20,68,5,n179,10.0,9.937223
10.833333,0.16666667,10.833333,0.16666667,1300,20,60,1,n167,10.0,9.937223
10.833333,0.16666667,10.833333,0.16666667,1300,20,72,1,n168,10.0,9.937223
10.833333,0.16666667,10.833333,0.16666667,1300,20,60,5,n180,10.0,9.937223
11.0,0.16666667,11.0,0.16666667,1320,20,55,5,n181,11.0,10.580919
11.0,0.5,11.0,0.5,1320,60,64,6,n189,11.0,10.580919
11.166667,0.16666667,11.166667,0.16666667,1340,20,59,5,n182,11.0,10.580919
11.333333,0.16666667,11.333333,0.16666667,1360,20,53,5,n183,11.0,10.580919
11.5,0.33333334,11.5,0.33333334,1380,40,61,1,n170,11.0,10.580919
11.5,0.33333334,11.5,0.33333334,1380,40,73,1,n171,11.0,10.580919
11.5,0.16666667,11.5,0.16666667,1380,20,61,5,n184,11.0,10.580919
11.666667,0.16666667,11.666667,0.16666667,1400,20,64,5,n185,11.0,10.580919
11.666667,0.16666667,11.666667,0.16666667,1400,20,67,5,n186,11.0,10.580919
11.833333,0.16666667,11.833333,0.16666667,1420,20,60,1,n172,11.0,10.580919
11.833333,0.16666667,11.833333,0.16666667,1420,20,72,1,n173,11.0,10.580919
11.833333,0.16666667,11.833333,0.16666667,1420,20,60,5,n187,11.0,10.580919
12.0,0.5,12.0,0.5,1440,60,65,2,n200,12.0,11.312088
12.0,0.16666667,12.0,0.16666667,1440,20,56,5,n205,12.0,11.312088
12.166667,0.16666667,12.166667,0.16666667,1460,20,60,5,n206,12.0,11.312088
12.333333,0.16666667,12.333333,0.16666667,1480,20,53,5,n207,12.0,11.312088
12.5,0.16666667,12.5,0.16666667,1500,20,59,1,n190,12.0,11.312088
12.5,0.33333334,12.5,0.33333334,1500,40,59,2,n201,12.0,11.312088
12.5,0.33333334,12.5,0.33333334,1500,40,71,2,n202,12.0,11.312088
12.666667,0.16666667,12.666667,0.16666667,1520,20,65,1,n191,12.0,11.312088
12.666667,0.16666667,12.666667,0.16666667,1520,20,68,1,n192,12.0,11.312088
12.833333,0.16666667,12.833333,0.16666667,1540,20,61,1,n193,12.0,11.312088
12.833333,0.16666667,12.833333,0.16666667,1540,20,61,2,n203,12.0,11.312088
12.833333,0.16666667,12.833333,0.16666667,1540,20,73,2,n204,12.0,11.312088
13.0,0.33333334,13.0,0.33333334,1560,40,60,1,n194,13.0,12.128059
13.0,0.33333334,13.0,0.33333334,1560,40,72,1,n195,13.0,12.128059
13.166667,0.16666667,13.166667,0.16666667,1580,20,41,5,n210,13.0,12.128059
13.333333,0.33333334,13.333333,0.33333334,1600,40,68,1,n196,13.0,12.128059
13.333333,0.33333334,13.333333,0.33333334,1600,40,80,1,n197,13.0,12.128059
13.333333,0.16666667,13.333333,0.16666667,1600,20,48,5,n211,13.0,12.128059
13.5,0.16666667,13.5,0.16666667,1620,20,53,5,n212,13.0,12.128059
13.666667,0.33333334,13.666667,0.33333334,1640,40,65,1,n198,13.0,12.128059
13.666667,0.33333334,13.666667,0.33333334,1640,40,77,1,n199,13.0,12.128059
13.666667,0.16666667,13.666667,0.16666667,1640,20,56,5,n213,13.0,12.128059
13.833333,0.16666667,13.833333,0.16666667,1660,20,59,5,n214,13.0,12.128059
14.0,0.16666667,14.0,0.16666667,1680,20,60,5,n225,14.0,13.161045
14.0,0.5,14.0,0.5,1680,60,68,6,n239,14.0,13.161045
14.166667,0.16666667,14.166667,0.16666667,1700,20,63,5,n226,14.0,13.161045
14.333333,0.16666667,14.333333,0.16666667,1720,20,51,5,n227,14.0,13.161045
14.5,0.33333334,14.5,0.33333334,1740,40,62,1,n216,14.0,13.161045
14.5,0.33333334,14.5,0.33333334,1740,40,74,1,n217,14.0,13.161045
14.5,0.16666667,14.5,0.16666667,1740,20,62,5,n228,14.0,13.161045
14.666667,0.16666667,14.666667,0.16666667,1760,20,68,5,n229,14.0,13.161045
14.666667,0.16666667,14.666667,0.16666667,1760,20,72,5,n230,14.0,13.161045
14.833333,0.16666667,14.833333,0.16666667,1780,20,63,1,n218,14.0,13.161045
14.833333,0.16666667,14.833333,0.16666667,1780,20,75,1,n219,14.0,13.161045
14.833333,0.16666667,14.833333,0.16666667,1780,20,63,5,n231,14.0,13.161045
15.0,0.16666667,15.0,0.16666667,1800,20,58,5,n232,15.0,13.773357
15.0,0.5,15.0,0.5,1800,60,67,6,n240,15.0,13.773357
15.166667,0.16666667,15.166667,0.16666667,1820,20,62,5,n233,15.0,13.773357
15.333333,0.16666667,15.333333,0.16666667,1840,20,51,5,n234,15.0,13.773357
15.5,0.33333334,15.5,0.33333334,1860,40,64,1,n221,15.0,13.773357
15.5,0.33333334,15.5,0.33333334,1860,40,76,1,n222,15.0,13.773357
15.5,0.16666667,15.5,0.16666667,1860,20,64,5,n235,15.0,13.773357
15.666667,0.16666667,15.666667,0.16666667,1880,20,67,5,n236,15.0,13.773357
15.666667,0.16666667,15.666667,0.16666667,1880,20,70,5,n237,15.0,13.773357
15.833333,0.16666667,15.833333,0.16666667,1900,20,63,1,n223,15.0,13.773357
15.833333,0.16666667,15.833333,0.16666667,1900,20,75,1,n224,15.0,13.773357
15.833333,0.16666667,15.833333,0.16666667,1900,20,63,5,n238,15.0,13.773357
16.0,0.5,16.0,0.5,1920,60,65,2,n251,16.0,14.443095
16.0,0.16666667,16.0,0.16666667,1920,20,60,5,n256,16.0,14.443095
16.166666,0.16666667,16.166666,0.16666667,1940,20,63,5,n257,16.0,14.443095
16.333334,0.16666667,16.333334,0.16666667,1960,20,56,5,n258,16.0,14.443095
16.5,0.16666667,16.5,0.16666667,1980,20,62,1,n241,16.0,14.443095
16.5,0.33333334,16.5,0.33333334,1980,40,62,2,n252,16.0,14.443095
16.5,0.33333334,16.5,0.33333334,1980,40,74,2,n253,16.0,14.443095
16.666666,0.16666667,16.666666,0.16666667,2000,20,68,1,n242,16.0,14.443095
16.666666,0.16666667,16.666666,0.16666667,2000,20,72,1,n243,16.0,14.443095
16.833334,0.16666667,16.833334,0.16666667,2020,20,65,1,n244,16.0,14.443095
16.833334,0.16666667,16.833334,0.16666667,2020,20,65,2,n254,16.0,14.443095
16.833334,0.16666667,16.833334,0.16666667,2020,20,77,2,n255,16.0,14.443095
17.0,0.33333334,17.0,0.33333334,2040,40,63,1,n245,17.0,15.076107
17.0,0.33333334,17.0,0.33333334,2040,40,75,1,n246,17.0,15.076107
17.166666,0.16666667,17.166666,0.16666667,2060,20,44,5,n261,17.0,15.076107
17.333334,0.33333334,17.333334,0.33333334,2080,40,72,1,n247,17.0,15.076107
17.333334,0.33333334,17.333334,0.33333334,2080,40,84,1,n248,17.0,15.076107
17.333334,0.16666667,17.333334,0.16666667,2080,20,51,5,n262,17.0,15.076107
17.5,0.16666667,17.5,0.16666667,2100,20,56,5,n263,17.0,15.076107
17.666666,0.33333334,17.666666,0.33333334,2120,40,68,1,n249,17.0,15.076107
17.666666,0.33333334,17.666666,0.33333334,2120,40,80,1,n250,17.0,15.076107
17.666666,0.16666667,17.666666,0.16666667,2120,20,60,5,n264,17.0,15.076107
17.833334,0.16666667,17.833334,0.16666667,2140,20,63,5,n265,17.0,15.076107
18.0,0.16666667,18.0,0.16666667,2160,20,64,5,n276,18.0,16.004257
18.0,0.5,18.0,0.5,2160,60,72,6,n289,18.0,16.004257
18.166666,0.16666667,18.166666,0.16666667,2180,20,68,5,n277,18.0,16.004257
18.333334,0.16666667,18.333334,0.16666667,2200,20,56,5,n278,18.0,16.004257
18.5,0.33333334,18.5,0.33333334,2220,40,67,1,n267,18.0,16.004257
18.5,0.33333334,18.5,0.33333334,2220,40,79,1,n268,18.0,16.004257
18.5,0.16666667,18.5,0.16666667,2220,20,67,5,n279,18.0,16.004257
18.666666,0.16666667,18.666666,0.16666667,2240,20,73,5,n280,18.0,16.004257
18.666666,0.16666667,18.666666,0.16666667,2240,20,76,5,n281,18.0,16.004257
18.833334,0.16666667,18.833334,0.16666667,2260,20,68,1,n269,18.0,16.004257
18.833334,0.16666667,18.833334,0.16666667,2260,20,80,1,n270,18.0,16.004257
18.833334,0.16666667,18.833334,0.16666667,2260,20,68,5,n282,18.0,16.004257
19.0,0.16666667,19.0,0.16666667,2280,20,63,5,n283,19.0,16.5104
19.0,0.5,19.0,0.5,2280,60,72,6,n290,19.0,16.5104
19.166666,0.16666667,19.166666,0.16666667,2300,20,66,5,n284,19.0,16.5104
19.333334,0.16666667,19.333334,0.16666667,2320,20,56,5,n285,19.0,16.5104
19.5,0.33333334,19.5,0.33333334,2340,40,69,1,n272,19.0,16.5104
19.5,0.33333334,19.5,0.33333334,2340,40,81,1,n273,19.0,16.5104
19.5,0.16666667,19.5,0.16666667,2340,20,69,5,n286,19.0,16.5104
19.666666,0.16666667,19.666666,0.16666667,2360,20,72,5,n287,19.0,16.5104
19.833334,0.16666667,19.833334,0.16666667,2380,20,68,1,n274,19.0,16.5104
19.833334,0.16666667,19.833334,0.16666667,2380,20,80,1,n275,19.0,16.5104
19.833334,0.16666667,19.833334,0.16666667,2380,20,68,5,n288,19.0,16.5104
20.0,0.5,20.0,0.5,2400,60,73,2,n301,20.0,17.06462
20.0,0.16666667,20.0,0.16666667,2400,20,64,5,n306,20.0,17.06462
20.166666,0.16666667,20.166666,0.16666667,2420,20,68,5,n307,20.0,17.06462
20.333334,0.16666667,20.333334,0.16666667,2440,20,56,5,n308,20.0,17.06462
20.5,0.16666667,20.5,0.16666667,2460,20,67,1,n291,20.0,17.06462
20.5,0.33333334,20.5,0.33333334,2460,40,67,2,n302,20.0,17.06462
20.5,0.33333334,20.5,0.33333334,2460,40,79,2,n303,20.0,17.06462
20.666666,0.16666667,20.666666,0.16666667,2480,20,73,1,n292,20.0,17.06462
20.666666,0.16666667,20.666666,0.16666667,2480,20,76,1,n293,20.0,17.06462
20.833334,0.16666667,20.833334,0.16666667,2500,20,68,1,n294,20.0,17.06462
20.833334,0.16666667,20.833334,0.16666667,2500,20,68,2,n304,20.0,17.06462
20.833334,0.16666667,20.833334,0.16666667,2500,20,80,2,n305,20.0,17.06462
21.0,0.5,21.0,0.5,2520,60,80,1,n295,21.0,17.762402
21.0,0.5,21.0,0.5,2520,60,92,1,n296,21.0,17.762402
21.166666,0.16666667,21.166666,0.16666667,2540,20,44,5,n311,21.0,17.762402
21.333334,0.16666667,21.333334,0.16666667,2560,20,52,5,n312,21.0,17.762402
21.5,0.33333334,21.5,0.33333334,2580,40,76,1,n297,21.0,17.762402
21.5,0.33333334,21.5,0.33333334,2580,40,88,1,n298,21.0,17.762402
21.5,0.16666667,21.5,0.16666667,2580,20,56,5,n313,21.0,17.762402
21.666666,0.16666667,21.666666,0.16666667,2600,20,60,5,n314,21.0,17.762402
21.833334,0.16666667,21.833334,0.16666667,2620,20,73,1,n299,21.0,17.762402
21.833334,0.16666667,21.833334,0.16666667,2620,20,85,1,n300,21.0,17.762402
21.833334,0.16666667,21.833334,0.16666667,2620,20,61,5,n315,21.0,17.762402
22.0,0.16666667,22.0,0.16666667,2640,20,64,5,n326,22.0,18.669853
22.0,0.5,22.0,0.5,2640,60,68,6,n340,22.0,18.669853
22.166666,0.16666667,22.166666,0.16666667,2660,20,68,5,n327,22.0,18.669853
22.333334,0.16666667,22.333334,0.16666667,2680,20,56,5,n328,22.0,18.669853
22.5,0.33333334,22.5,0.33333334,2700,40,67,1,n317,22.0,18.669853
22.5,0.33333334,22.5,0.33333334,2700,40,79,1,n318,22.0,18.669853
22.5,0.16666667,22.5,0.16666667,2700,20,67,5,n329,22.0,18.669853
22.666666,0.16666667,22.666666,0.16666667,2720,20,73,5,n330,22.0,18.669853
22.666666,0.16666667,22.666666,0.16666667,2720,20,76,5,n331,22.0,18.669853
22.833334,0.16666667,22.833334,0.16666667,2740,20,68,1,n319,22.0,18.669853
22.833334,0.16666667,22.833334,0.16666667,2740,20,80,1,n320,22.0,18.669853
22.833334,0.16666667,22.833334,0.16666667,2740,20,68,5,n332,22.0,18.669853
23.0,0.16666667,23.0,0.16666667,2760,20,63,5,n333,23.0,19.154629
23.0,0.5,23.0,0.5,2760,60,72,6,n341,23.0,19.154629
23.166666,0.16666667,23.166666,0.16666667,2780,20,67,5,n334,23.0,19.154629
23.333334,0.16666667,23.333334,0.16666667,2800,20,56,5,n335,23.0,19.154629
23.5,0.33333334,23.5,0.33333334,2820,40,69,1,n322,23.0,19.154629
23.5,0.33333334,23.5,0.33333334,2820,40,81,1,n323,23.0,19.154629
23.5,0.16666667,23.5,0.16666667,2820,20,69,5,n336,23.0,19.154629
23.666666,0.16666667,23.666666,0.16666667,2840,20,73,5,n337,23.0,19.154629
23.666666,0.16666667,23.666666,0.16666667,2840,20,77,5,n338,23.0,19.154629
23.833334,0.16666667,23.833334,0.16666667,2860,20,68,1,n324,23.0,19.154629
23.833334,0.16666667,23.833334,0.16666667,2860,20,80,1,n325,23.0,19.154629
23.833334,0.16666667,23.833334,0.16666667,2860,20,68,5,n339,23.0,19.154629
24.0,0.5,24.0,0.5,2880,60,80,1,n342,24.0,19.841059
24.0,0.5,24.0,0.5,2880,60,86,1,n343,24.0,19.841059
24.0,0.5,24.0,0.5,2880,60,92,1,n344,24.0,19.841059
24.0,0.5,24.0,0.5,2880,60,47,5,n346,24.0,19.841059
24.0,0.5,24.0,0.5,2880,60,53,5,n347,24.0,19.841059
24.0,0.5,24.0,0.5,2880,60,56,5,n348,24.0,19.841059
24.0,0.5,24.0,0.5,2880,60,62,5,n349,24.0,19.841059
24.5,0.16666667,24.5,0.16666667,2940,20,68,5,n350,24.0,19.841059
24.5,0.16666667,24.5,0.16666667,2940,20,77,5,n351,24.0,19.841059
24.666666,0.16666667,24.666666,0.16666667,2960,20,71,5,n352,24.0,19.841059
24.666666,0.16666667,24.666666,0.16666667,2960,20,74,5,n353,24.0,19.841059
24.666666,0.16666667,24.666666,0.16666667,2960,20,79,5,n354,24.0,19.841059
24.833334,0.16666667,24.833334,0.16666667,2980,20,68,5,n355,24.0,19.841059
24.833334,0.16666667,24.833334,0.16666667,2980,20,77,5,n356,24.0,19.841059
25.0,0.16666667,25.0,0.16666667,3000,20,67,5,n357,25.0,20.65703
25.0,0.16666667,25.0,0.16666667,3000,20,71,5,n358,25.0,20.65703
25.0,0.16666667,25.0,0.16666667,3000,20,76,5,n359,25.0,20.65703
25.166666,0.16666667,25.166666,0.16666667,3020,20,68,5,n360,25.0,20.65703
25.166666,0.16666667,25.166666,0.16666667,3020,20,77,5,n361,25.0,20.65703
25.333334,0.16666667,25.333334,0.16666667,3040,20,67,5,n362,25.0,20.65703
25.333334,0.16666667,25.333334,0.16666667,3040,20,71,5,n363,25.0,20.65703
25.333334,0.16666667,25.333334,0.16666667,3040,20,76,5,n364,25.0,20.65703
25.5,0.16666667,25.5,0.16666667,3060,20,68,5,n365,25.0,20.65703
25.5,0.16666667,25.5,0.16666667,3060,20,77,5,n366,25.0,20.65703
25.666666,0.16666667,25.666666,0.16666667,3080,20,71,5,n367,25.0,20.65703
25.666666,0.16666667,25.666666,0.16666667,3080,20,74,5,n368,25.0,20.65703
25.666666,0.16666667,25.666666,0.16666667,3080,20,79,5,n369,25.0,20.65703
25.833334,0.16666667,25.833334,0.16666667,3100,20,68,5,n370,25.0,20.65703
25.833334,0.16666667,25.833334,0.16666667,3100,20,77,5,n371,25.0,20.65703
26.0,0.5,26.0,0.5,3120,60,71,1,n372,26.0,21.1792
26.0,0.5,26.0,0.5,3120,60,74,1,n373,26.0,21.1792
26.0,0.5,26.0,0.5,3120,60,80,1,n374,26.0,21.1792
26.5,0.16666667,26.5,0.16666667,3180,20,53,1,n375,26.0,21.1792
26.5,0.5,26.5,0.5,3180,60,35,5,n385,26.0,21.1792
26.5,0.5,26.5,0.5,3180,60,41,5,n386,26.0,21.1792
26.5,0.5,26.5,0.5,3180,60,44,5,n387,26.0,21.1792
26.5,0.5,26.5,0.5,3180,60,47,5,n388,26.0,21.1792
26.666666,0.16666667,26.666666,0.16666667,3200,20,55,1,n376,26.0,21.1792
26.833334,0.16666667,26.833334,0.16666667,3220,20,53,1,n377,26.0,21.1792
27.0,0.16666667,27.0,0.16666667,3240,20,65,1,n378,27.0,21.818888
27.0,0.5,27.0,0.5,3240,60,35,5,n389,27.0,21.818888
27.0,0.5,27.0,0.5,3240,60,41,5,n390,27.0,21.818888
27.0,0.5,27.0,0.5,3240,60,44,5,n391,27.0,21.818888
27.0,0.5,27.0,0.5,3240,60,47,5,n392,27.0,21.818888
27.166666,0.16666667,27.166666,0.16666667,3260,20,67,1,n379,27.0,21.818888
27.333334,0.16666667,27.333334,0.16666667,3280,20,65,1,n380,27.0,21.818888
27.5,0.16666667,27.5,0.16666667,3300,20,77,1,n381,27.0,21.818888
27.5,0.5,27.5,0.5,3300,60,35,5,n393,27.0,21.818888
27.5,0.5,27.5,0.5,3300,60,41,5,n394,27.0,21.818888
27.5,0.5,27.5,0.5,3300,60,44,5,n395,27.0,21.818888
27.5,0.5,27.5,0.5,3300,60,47,5,n396,27.0,21.818888
27.666666,0.16666667,27.666666,0.16666667,3320,20,79,1,n382,27.0,21.818888
27.833334,0.16666667,27.833334,0.16666667,3340,20,77,1,n383,27.0,21.818888
28.0,0.5,28.0,0.5,3360,60,92,1,n397,28.0,22.483952
28.0,0.5,28.0,0.5,3360,60,36,5,n399,28.0,22.483952
28.0,0.5,28.0,0.5,3360,60,41,5,n400,28.0,22.483952
28.0,0.5,28.0,0.5,3360,60,44,5,n401,28.0,22.483952
28.0,0.5,28.0,0.5,3360,60,48,5,n402,28.0,22.483952
28.5,0.16666667,28.5,0.16666667,3420,20,68,5,n403,28.0,22.483952
28.5,0.16666667,28.5,0.16666667,3420,20,72,5,n404,28.0,22.483952
28.5,0.16666667,28.5,0.16666667,3420,20,77,5,n405,28.0,22.483952
28.666666,0.16666667,28.666666,0.16666667,3440,20,70,5,n406,28.0,22.483952
28.666666,0.16666667,28.666666,0.16666667,3440,20,73,5,n407,28.0,22.483952
28.666666,0.16666667,28.666666,0.16666667,3440,20,79,5,n408,28.0,22.483952
28.833334,0.16666667,28.833334,0.16666667,3460,20,68,5,n409,28.0,22.483952
28.833334,0.16666667,28.833334,0.16666667,3460,20,72,5,n410,28.0,22.483952
28.833334,0.16666667,28.833334,0.16666667,3460,20,77,5,n411,28.0,22.483952
29.0,0.16666667,29.0,0.16666667,3480,20,67,5,n412,29.0,23.141003
29.0,0.16666667,29.0,0.16666667,3480,20,70,5,n413,29.0,23.141003
29.0,0.16666667,29.0,0.16666667,3480,20,76,5,n414,29.0,23.141003
29.166666,0.16666667,29.166666,0.16666667,3500,20,68,5,n415,29.0,23.141003
29.166666,0.16666667,29.166666,0.16666667,3500,20,72,5,n416,29.0,23.141003
29.166666,0.16666667,29.166666,0.16666667,3500,20,77,5,n417,29.0,23.141003
29.333334,0.16666667,29.333334,0.16666667,3520,20,67,5,n418,29.0,23.141003
29.333334,0.16666667,29.333334,0.16666667,3520,20,70,5,n419,29.0,23.141003
29.333334,0.16666667,29.333334,0.16666667,3520,20,76,5,n420,29.0,23.141003
29.5,0.16666667,29.5,0.16666667,3540,20,68,5,n421,29.0,23.141003
29.5,0.16666667,29.5,0.16666667,3540,20,72,5,n422,29.0,23.141003
29.5,0.16666667,29.5,0.16666667,3540,20,77,5,n423,29.0,23.141003
29.666666,0.16666667,29.666666,0.16666667,3560,20,70,5,n424,29.0,23.141003
29.666666,0.16666667,29.666666,0.16666667,3560,20,73,5,n425,29.0,23.141003
29.666666,0.16666667,29.666666,0.16666667,3560,20,79,5,n426,29.0,23.141003
29.833334,0.16666667,29.833334,0.16666667,3580,20,68,5,n427,29.0,23.141003
29.833334,0.16666667,29.833334,0.16666667,3580,20,72,5,n428,29.0,23.141003
29.833334,0.16666667,29.833334,0.16666667,3580,20,77,5,n429,29.0,23.141003
30.0,0.5,30.0,0.5,3600,60,72,1,n430,30.0,23.685875
30.0,0.5,30.0,0.5,3600,60,77,1,n431,30.0,23.685875
30.0,0.5,30.0,0.5,3600,60,80,1,n432,30.0,23.685875
30.5,0.16666667,30.5,0.16666667,3660,20,53,1,n433,30.0,23.685875
30.5,0.5,30.5,0.5,3660,60,36,5,n443,30.0,23.685875
30.5,0.5,30.5,0.5,3660,60,41,5,n444,30.0,23.685875
30.5,0.5,30.5,0.5,3660,60,44,5,n445,30.0,23.685875
30.5,0.5,30.5,0.5,3660,60,48,5,n446,30.0,23.685875
30.666666,0.16666667,30.666666,0.16666667,3680,20,55,1,n434,30.0,23.685875
30.833334,0.16666667,30.833334,0.16666667,3700,20,53,1,n435,30.0,23.685875
31.0,0.16666667,31.0,0.16666667,3720,20,65,1,n436,31.0,24.334911
31.0,0.5,31.0,0.5,3720,60,36,5,n447,31.0,24.334911
31.0,0.5,31.0,0.5,3720,60,41,5,n448,31.0,24.334911
31.0,0.5,31.0,0.5,3720,60,44,5,n449,31.0,24.334911
31.0,0.5,31.0,0.5,3720,60,48,5,n450,31.0,24.334911
31.166666,0.16666667,31.166666,0.16666667,3740,20,67,1,n437,31.0,24.334911
31.333334,0.16666667,31.333334,0.16666667,3760,20,65,1,n438,31.0,24.334911
31.5,0.16666667,31.5,0.16666667,3780,20,77,1,n439,31.0,24.334911
31.5,0.5,31.5,0.5,3780,60,36,5,n451,31.0,24.334911
31.5,0.5,31.5,0.5,3780,60,41,5,n452,31.0,24.334911
31.5,0.5,31.5,0.5,3780,60,44,5,n453,31.0,24.334911
31.5,0.5,31.5,0.5,3780,60,48,5,n454,31.0,24.334911
31.666666,0.16666667,31.666666,0.16666667,3800,20,79,1,n440,31.0,24.334911
31.833334,0.16666667,31.833334,0.16666667,3820,20,77,1,n441,31.0,24.334911
32.0,0.5,32.0,0.5,3840,60,92,1,n455,32.0,25.130852
32.0,0.5,32.0,0.5,3840,60,37,5,n465,32.0,25.130852
32.0,0.5,32.0,0.5,3840,60,41,5,n466,32.0,25.130852
32.0,0.5,32.0,0.5,3840,60,47,5,n467,32.0,25.130852
32.0,0.5,32.0,0.5,3840,60,49,5,n468,32.0,25.130852
32.5,0.16666667,32.5,0.16666667,3900,20,77,1,n456,32.0,25.130852
32.5,0.25,32.5,0.25,3900,30,68,5,n469,32.0,25.130852
32.5,0.25,32.5,0.25,3900,30,71,5,n470,32.0,25.130852
32.5,1.0,32.5,1.0,3900,120,61,6,n478,32.0,25.130852
32.666668,0.16666667,32.666668,0.16666667,3920,20,90,1,n457,32.0,25.130852
32.75,0.25,32.75,0.25,3930,30,73,5,n471,32.0,25.130852
32.833332,0.16666667,32.833332,0.16666667,3940,20,89,1,n458,32.0,25.130852
33.0,0.16666667,33.0,0.16666667,3960,20,87,1,n459,33.0,26.352804
33.0,0.25,33.0,0.25,3960,30,66,5,n472,33.0,26.352804
33.0,0.25,33.0,0.25,3960,30,70,5,n473,33.0,26.352804
33.166668,0.16666667,33.166668,0.16666667,3980,20,77,1,n460,33.0,26.352804
33.25,0.25,33.25,0.25,3990,30,71,5,n474,33.0,26.352804
33.333332,0.16666667,33.333332,0.16666667,4000,20,75,1,n461,33.0,26.352804
33.5,0.16666667,33.5,0.16666667,4020,20,73,1,n462,33.0,26.352804
33.5,0.25,33.5,0.25,4020,30,65,5,n475,33.0,26.352804
33.5,0.25,33.5,0.25,4020,30,68,5,n476,33.0,26.352804
33.666668,0.16666667,33.666668,0.16666667,4040,20,87,1,n463,33.0,26.352804
33.75,0.25,33.75,0.25,4050,30,70,5,n477,33.0,26.352804
33.833332,0.16666667,33.833332,0.16666667,4060,20,85,1,n464,33.0,26.352804
34.0,0.16666667,34.0,0.16666667,4080,20,83,1,n479,34.0,27.130049
34.0,0.25,34.0,0.25,4080,30,63,5,n491,34.0,27.130049
34.0,0.25,34.0,0.25,4080,30,66,5,n492,34.0,27.130049
34.166668,0.16666667,34.166668,0.16666667,4100,20,73,1,n480,34.0,27.130049
34.25,0.25,34.25,0.25,4110,30,68,5,n493,34.0,27.130049
34.333332,0.16666667,34.333332,0.16666667,4120,20,71,1,n481,34.0,27.130049
34.5,0.16666667,34.5,0.16666667,4140,20,70,1,n482,34.0,27.130049
34.5,0.25,34.5,0.25,4140,30,61,5,n494,34.0,27.130049
34.5,0.25,34.5,0.25,4140,30,65,5,n495,34.0,27.130049
34.666668,0.16666667,34.666668,0.16666667,4160,20,83,1,n483,34.0,27.130049
34.75,0.25,34.75,0.25,4170,30,66,5,n496,34.0,27.130049
34.833332,0.16666667,34.833332,0.16666667,4180,20,82,1,n484,34.0,27.130049
35.0,0.16666667,35.0,0.16666667,4200,20,80,1,n485,35.0,27.76306
35.0,0.25,35.0,0.25,4200,30,59,5,n497,35.0,27.76306
35.0,0.25,35.0,0.25,4200,30,63,5,n498,35.0,27.76306
35.166668,0.16666667,35.166668,0.16666667,4220,20,70,1,n486,35.0,27.76306
35.25,0.25,35.25,0.25,4230,30,65,5,n499,35.0,27.76306
35.333332,0.16666667,35.333332,0.16666667,4240,20,68,1,n487,35.0,27.76306
35.5,0.16666667,35.5,0.16666667,4260,20,66,1,n488,35.0,27.76306
35.5,0.25,35.5,0.25,4260,30,58,5,n500,35.0,27.76306
35.5,0.25,35.5,0.25,4260,30,61,5,n501,35.0,27.76306
35.666668,0.16666667,35.666668,0.16666667,4280,20,80,1,n489,35.0,27.76306
35.75,0.25,35.75,0.25,4290,30,63,5,n502,35.0,27.76306
35.833332,0.16666667,35.833332,0.16666667,4300,20,78,1,n490,35.0,27.76306
36.0,0.16666667,36.0,0.16666667,4320,20,77,1,n503,36.0,28.563005
36.0,0.5,36.0,0.5,4320,60,56,5,n519,36.0,28.563005
36.0,0.5,36.0,0.5,4320,60,59,5,n520,36.0,28.563005
36.166668,0.16666667,36.166668,0.16666667,4340,20,66,1,n504,36.0,28.563005
36.333332,0.16666667,36.333332,0.16666667,4360,20,65,1,n505,36.0,28.563005
36.5,0.16666667,36.5,0.16666667,4380,20,64,1,n506,36.0,28.563005
36.5,0.5,36.5,0.5,4380,60,64,2,n515,36.0,28.563005
36.5,0.5,36.5,0.5,4380,60,55,5,n521,36.0,28.563005
36.5,0.5,36.5,0.5,4380,60,58,5,n522,36.0,28.563005
36.5,1.0,36.5,1.0,4380,120,49,6,n527,36.0,28.563005
36.666668,0.16666667,36.666668,0.16666667,4400,20,75,1,n507,36.0,28.563005
36.833332,0.16666667,36.833332,0.16666667,4420,20,76,1,n508,36.0,28.563005
37.0,0.16666667,37.0,0.16666667,4440,20,65,1,n509,37.0,29.312204
37.0,0.16666667,37.0,0.16666667,4440,20,65,2,n516,37.0,29.312204
37.0,0.5,37.0,0.5,4440,60,56,5,n523,37.0,29.312204
37.0,0.5,37.0,0.5,4440,60,59,5,n524,37.0,29.312204
37.166668,0.16666667,37.166668,0.16666667,4460,20,79,1,n510,37.0,29.312204
37.333332,0.16666667,37.333332,0.16666667,4480,20,77,1,n511,37.0,29.312204
37.5,0.16666667,37.5,0.16666667,4500,20,59,1,n512,37.0,29.312204
37.5,0.5,37.5,0.5,4500,60,59,2,n518,37.0,29.312204
37.5,0.5,37.5,0.5,4500,60,37,5,n525,37.0,29.312204
37.5,0.5,37.5,0.5,4500,60,53,5,n526,37.0,29.312204
37.666668,0.16666667,37.666668,0.16666667,4520,20,70,1,n513,37.0,29.312204
37.833332,0.16666667,37.833332,0.16666667,4540,20,71,1,n514,37.0,29.312204
38.0,0.5,38.0,0.5,4560,60,60,1,n528,38.0,30.61028
38.0,0.5,38.0,0.5,4560,60,72,1,n529,38.0,30.61028
38.0,0.5,38.0,0.5,4560,60,36,5,n531,38.0,30.61028
38.0,0.5,38.0,0.5,4560,60,52,5,n532,38.0,30.61028
38.5,0.16666667,38.5,0.16666667,4620,20,65,5,n533,38.0,30.61028
38.5,0.16666667,38.5,0.16666667,4620,20,68,5,n534,38.0,30.61028
38.5,0.16666667,38.5,0.16666667,4620,20,73,5,n535,38.0,30.61028
38.666668,0.16666667,38.666668,0.16666667,4640,20,67,5,n536,38.0,30.61028
38.666668,0.16666667,38.666668,0.16666667,4640,20,70,5,n537,38.0,30.61028
38.666668,0.16666667,38.666668,0.16666667,4640,20,75,5,n538,38.0,30.61028
38.833332,0.16666667,38.833332,0.16666667,4660,20,65,5,n539,38.0,30.61028
38.833332,0.16666667,38.833332,0.16666667,4660,20,68,5,n540,38.0,30.61028
38.833332,0.16666667,38.833332,0.16666667,4660,20,73,5,n541,38.0,30.61028
39.0,0.16666667,39.0,0.16666667,4680,20,64,5,n542,39.0,32.110012
39.0,0.16666667,39.0,0.16666667,4680,20,67,5,n543,39.0,32.110012
39.0,0.16666667,39.0,0.16666667,4680,20,72,5,n544,39.0,32.110012
39.166668,0.16666667,39.166668,0.16666667,4700,20,65,5,n545,39.0,32.110012
39.166668,0.16666667,39.166668,0.16666667,4700,20,68,5,n546,39.0,32.110012
39.166668,0.16666667,39.166668,0.16666667,4700,20,73,5,n547,39.0,32.110012
39.333332,0.16666667,39.333332,0.16666667,4720,20,64,5,n548,39.0,32.110012
39.333332,0.16666667,39.333332,0.16666667,4720,20,67,5,n549,39.0,32.110012
39.333332,0.16666667,39.333332,0.16666667,4720,20,72,5,n550,39.0,32.110012
39.5,0.16666667,39.5,0.16666667,4740,20,61,5,n551,39.0,32.110012
39.5,0.16666667,39.5,0.16666667,4740,20,65,5,n552,39.0,32.110012
39.5,0.16666667,39.5,0.16666667,4740,20,70,5,n553,39.0,32.110012
39.666668,0.16666667,39.666668,0.16666667,4760,20,64,5,n554,39.0,32.110012
39.666668,0.16666667,39.666668,0.16666667,4760,20,67,5,n555,39.0,32.110012
39.666668,0.16666667,39.666668,0.16666667,4760,20,72,5,n556,39.0,32.110012
39.833332,0.16666667,39.833332,0.16666667,4780,20,61,5,n557,39.0,32.110012
39.833332,0.16666667,39.833332,0.16666667,4780,20,65,5,n558,39.0,32.110012
39.833332,0.16666667,39.833332,0.16666667,4780,20,70,5,n559,39.0,32.110012
40.0,0.16666667,40.0,0.16666667,4800,20,60,1,n560,40.0,32.67892
40.0,0.16666667,40.0,0.16666667,4800,20,63,1,n561,40.0,32.67892
40.0,0.16666667,40.0,0.16666667,4800,20,68,1,n562,40.0,32.67892
40.166668,0.16666667,40.166668,0.16666667,4820,20,61,1,n563,40.0,32.67892
40.166668,0.16666667,40.166668,0.16666667,4820,20,65,1,n564,40.0,32.67892
40.166668,0.16666667,40.166668,0.16666667,4820,20,70,1,n565,40.0,32.67892
40.333332,0.16666667,40.333332,0.16666667,4840,20,60,1,n566,40.0,32.67892
40.333332,0.16666667,40.333332,0.16666667,4840,20,63,1,n567,40.0,32.67892
40.333332,0.16666667,40.333332,0.16666667,4840,20,68,1,n568,40.0,32.67892
40.5,0.16666667,40.5,0.16666667,4860,20,58,1,n569,40.0,32.67892
40.5,0.16666667,40.5,0.16666667,4860,20,61,1,n570,40.0,32.67892
40.5,0.16666667,40.5,0.16666667,4860,20,67,1,n571,40.0,32.67892
40.666668,0.16666667,40.666668,0.16666667,4880,20,60,1,n572,40.0,32.67892
40.666668,0.16666667,40.666668,0.16666667,4880,20,63,1,n573,40.0,32.67892
40.666668,0.16666667,40.666668,0.16666667,4880,20,68,1,n574,40.0,32.67892
40.833332,0.16666667,40.833332,0.16666667,4900,20,58,1,n575,40.0,32.67892
40.833332,0.16666667,40.833332,0.16666667,4900,20,61,1,n576,40.0,32.67892
40.833332,0.16666667,40.833332,0.16666667,4900,20,67,1,n577,40.0,32.67892
41.0,0.16666667,41.0,0.16666667,4920,20,55,1,n578,41.0,33.346657
41.0,0.16666667,41.0,0.16666667,4920,20,58,1,n579,41.0,33.346657
41.0,0.16666667,41.0,0.16666667,4920,20,64,1,n580,41.0,33.346657
41.166668,0.16666667,41.166668,0.16666667,4940,20,56,1,n581,41.0,33.346657
41.166668,0.16666667,41.166668,0.16666667,4940,20,60,1,n582,41.0,33.346657
41.166668,0.16666667,41.166668,0.16666667,4940,20,65,1,n583,41.0,33.346657
41.333332,0.16666667,41.333332,0.16666667,4960,20,55,1,n584,41.0,33.346657
41.333332,0.16666667,41.333332,0.16666667,4960,20,58,1,n585,41.0,33.346657
41.333332,0.16666667,41.333332,0.16666667,4960,20,64,1,n586,41.0,33.346657
41.5,0.16666667,41.5,0.16666667,4980,20,52,1,n587,41.0,33.346657
41.5,0.16666667,41.5,0.16666667,4980,20,55,1,n588,41.0,33.346657
41.5,0.16666667,41.5,0.16666667,4980,20,60,1,n589,41.0,33.346657
41.666668,0.16666667,41.666668,0.16666667,5000,20,53,1,n590,41.0,33.346657
41.666668,0.16666667,41.666668,0.16666667,5000,20,56,1,n591,41.0,33.346657
41.666668,0.16666667,41.666668,0.16666667,5000,20,61,1,n592,41.0,33.346657
41.833332,0.16666667,41.833332,0.16666667,5020,20,52,1,n593,41.0,33.346657
41.833332,0.16666667,41.833332,0.16666667,5020,20,55,1,n594,41.0,33.346657
41.833332,0.16666667,41.833332,0.16666667,5020,20,60,1,n595,41.0,33.346657
42.0,0.16666667,42.0,0.16666667,5040,20,41,5,n608,42.0,35.498096
42.166668,0.16666667,42.166668,0.16666667,5060,20,48,5,n609,42.0,35.498096
42.25,0.5,42.25,0.5,5070,60,71,1,n599,42.0,35.498096
42.25,0.5,42.25,0.5,5070,60,83,1,n600,42.0,35.498096
42.333332,0.16666667,42.333332,0.16666667,5080,20,56,5,n610,42.0,35.498096
42.5,0.16666667,42.5,0.16666667,5100,20,56,5,n611,42.0,35.498096
42.666668,0.16666667,42.666668,0.16666667,5120,20,65,5,n612,42.0,35.498096
42.75,0.25,42.75,0.25,5130,30,72,1,n601,42.0,35.498096
42.75,0.25,42.75,0.25,5130,30,84,1,n602,42.0,35.498096
42.833332,0.16666667,42.833332,0.16666667,5140,20,60,5,n613,42.0,35.498096
43.0,0.16666667,43.0,0.16666667,5160,20,41,5,n614,43.0,36.754772
43.166668,0.16666667,43.166668,0.16666667,5180,20,52,5,n615,43.0,36.754772
43.25,0.5,43.25,0.5,5190,60,73,1,n604,43.0,36.754772
43.25,0.5,43.25,0.5,5190,60,85,1,n605,43.0,36.754772
43.333332,0.16666667,43.333332,0.16666667,5200,20,58,5,n616,43.0,36.754772
43.5,0.16666667,43.5,0.16666667,5220,20,55,5,n617,43.0,36.754772
43.666668,0.16666667,43.666668,0.16666667,5240,20,64,5,n618,43.0,36.754772
43.75,0.25,43.75,0.25,5250,30,72,1,n606,43.0,36.754772
43.75,0.25,43.75,0.25,5250,30,84,1,n607,43.0,36.754772
43.833332,0.16666667,43.833332,0.16666667,5260,20,58,5,n619,43.0,36.754772
44.0,0.16666667,44.0,0.16666667,5280,20,41,5,n631,44.0,38.044834
44.166668,0.16666667,44.166668,0.16666667,5300,20,48,5,n632,44.0,38.044834
44.333332,0.33333334,44.333332,0.33333334,5320,40,71,1,n621,44.0,38.044834
44.333332,0.33333334,44.333332,0.33333334,5320,40,83,1,n622,44.0,38.044834
44.333332,0.16666667,44.333332,0.16666667,5320,20,56,5,n633,44.0,38.044834
44.5,0.16666667,44.5,0.16666667,5340,20,56,5,n634,44.0,38.044834
44.5,0.16666667,44.5,0.16666667,5340,20,60,5,n635,44.0,38.044834
44.666668,0.33333334,44.666668,0.33333334,5360,40,73,1,n623,44.0,38.044834
44.666668,0.33333334,44.666668,0.33333334,5360,40,85,1,n624,44.0,38.044834
44.666668,0.16666667,44.666668,0.16666667,5360,20,67,5,n636,44.0,38.044834
44.833332,0.16666667,44.833332,0.16666667,5380,20,65,5,n637,44.0,38.044834
45.0,0.33333334,45.0,0.33333334,5400,40,72,1,n625,45.0,38.766655
45.0,0.33333334,45.0,0.33333334,5400,40,84,1,n626,45.0,38.766655
45.0,0.16666667,45.0,0.16666667,5400,20,55,5,n638,45.0,38.766655
45.0,0.16666667,45.0,0.16666667,5400,20,58,5,n639,45.0,38.766655
45.166668,0.16666667,45.166668,0.16666667,5420,20,65,5,n640,45.0,38.766655
45.333332,0.33333334,45.333332,0.33333334,5440,40,80,1,n627,45.0,38.766655
45.333332,0.33333334,45.333332,0.33333334,5440,40,92,1,n628,45.0,38.766655
45.333332,0.16666667,45.333332,0.16666667,5440,20,63,5,n641,45.0,38.766655
45.5,0.16666667,45.5,0.16666667,5460,20,53,5,n642,45.0,38.766655
45.5,0.16666667,45.5,0.16666667,5460,20,56,5,n643,45.0,38.766655
45.666668,0.33333334,45.666668,0.33333334,5480,40,77,1,n629,45.0,38.766655
45.666668,0.33333334,45.666668,0.33333334,5480,40,89,1,n630,45.0,38.766655
45.666668,0.16666667,45.666668,0.16666667,5480,20,63,5,n644,45.0,38.766655
45.833332,0.16666667,45.833332,0.16666667,5500,20,61,5,n645,45.0,38.766655
46.0,0.16666667,46.0,0.16666667,5520,20,51,5,n647,46.0,40.00063
46.0,0.16666667,46.0,0.16666667,5520,20,55,5,n648,46.0,40.00063
46.166668,0.16666667,46.166668,0.16666667,5540,20,61,5,n649,46.0,40.00063
46.333332,0.16666667,46.333332,0.16666667,5560,20,60,5,n650,46.0,40.00063
46.5,0.16666667,46.5,0.16666667,5580,20,49,5,n651,46.0,40.00063
46.5,0.16666667,46.5,0.16666667,5580,20,53,5,n652,46.0,40.00063
46.666668,0.16666667,46.666668,0.16666667,5600,20,60,5,n653,46.0,40.00063
46.833332,0.16666667,46.833332,0.16666667,5620,20,58,5,n654,46.0,40.00063
47.0,0.16666667,47.0,0.16666667,5640,20,48,5,n655,47.0,40.659016
47.0,0.16666667,47.0,0.16666667,5640,20,51,5,n656,47.0,40.659016
47.166668,0.16666667,47.166668,0.16666667,5660,20,58,5,n657,47.0,40.659016
47.333332,0.16666667,47.333332,0.16666667,5680,20,56,5,n658,47.0,40.659016
47.5,0.16666667,47.5,0.16666667,5700,20,46,5,n659,47.0,40.659016
47.5,0.16666667,47.5,0.16666667,5700,20,49,5,n660,47.0,40.659016
47.666668,0.16666667,47.666668,0.16666667,5720,20,56,5,n661,47.0,40.659016
47.833332,0.16666667,47.833332,0.16666667,5740,20,55,5,n662,47.0,40.659016
48.0,0.16666667,48.0,0.16666667,5760,20,41,5,n673,48.0,41.78014
48.166668,0.16666667,48.166668,0.16666667,5780,20,48,5,n674,48.0,41.78014
48.25,0.5,48.25,0.5,5790,60,71,1,n664,48.0,41.78014
48.25,0.5,48.25,0.5,5790,60,83,1,n665,48.0,41.78014
48.333332,0.16666667,48.333332,0.16666667,5800,20,56,5,n675,48.0,41.78014
48.5,0.16666667,48.5,0.16666667,5820,20,56,5,n676,48.0,41.78014
48.666668,0.16666667,48.666668,0.16666667,5840,20,65,5,n677,48.0,41.78014
48.75,0.25,48.75,0.25,5850,30,72,1,n666,48.0,41.78014
48.75,0.25,48.75,0.25,5850,30,84,1,n667,48.0,41.78014
48.833332,0.16666667,48.833332,0.16666667,5860,20,60,5,n678,48.0,41.78014
49.0,0.16666667,49.0,0.16666667,5880,20,41,5,n679,49.0,42.967373
49.166668,0.16666667,49.166668,0.16666667,5900,20,52,5,n680,49.0,42.967373
49.25,0.5,49.25,0.5,5910,60,73,1,n669,49.0,42.967373
49.25,0.5,49.25,0.5,5910,60,85,1,n670,49.0,42.967373
49.333332,0.16666667,49.333332,0.16666667,5920,20,58,5,n681,49.0,42.967373
49.5,0.16666667,49.5,0.16666667,5940,20,55,5,n682,49.0,42.967373
49.666668,0.16666667,49.666668,0.16666667,5960,20,64,5,n683,49.0,42.967373
49.75,0.25,49.75,0.25,5970,30,72,1,n671,49.0,42.967373
49.75,0.25,49.75,0.25,5970,30,84,1,n672,49.0,42.967373
49.833332,0.16666667,49.833332,0.16666667,5980,20,58,5,n684,49.0,42.967373
50.0,0.16666667,50.0,0.16666667,6000,20,41,5,n696,50.0,44.183983
50.166668,0.16666667,50.166668,0.16666667,6020,20,48,5,n697,50.0,44.183983
50.333332,0.33333334,50.333332,0.33333334,6040,40,71,1,n686,50.0,44.183983
50.333332,0.33333334,50.333332,0.33333334,6040,40,83,1,n687,50.0,44.183983
50.333332,0.16666667,50.333332,0.16666667,6040,20,56,5,n698,50.0,44.183983
50.5,0.16666667,50.5,0.16666667,6060,20,56,5,n699,50.0,44.183983
50.5,0.16666667,50.5,0.16666667,6060,20,60,5,n700,50.0,44.183983
50.666668,0.33333334,50.666668,0.33333334,6080,40,73,1,n688,50.0,44.183983
50.666668,0.33333334,50.666668,0.33333334,6080,40,85,1,n689,50.0,44.183983
50.666668,0.16666667,50.666668,0.16666667,6080,20,67,5,n701,50.0,44.183983
50.833332,0.16666667,50.833332,0.16666667,6100,20,65,5,n702,50.0,44.183983
51.0,0.33333334,51.0,0.33333334,6120,40,72,1,n690,51.0,44.98393
51.0,0.33333334,51.0,0.33333334,6120,40,84,1,n691,51.0,44.98393
51.0,0.16666667,51.0,0.16666667,6120,20,55,5,n703,51.0,44.98393
51.0,0.16666667,51.0,0.16666667,6120,20,58,5,n704,51.0,44.98393
51.166668,0.16666667,51.166668,0.16666667,6140,20,65,5,n705,51.0,44.98393
51.333332,0.33333334,51.333332,0.33333334,6160,40,80,1,n692,51.0,44.98393
51.333332,0.33333334,51.333332,0.33333334,6160,40,92,1,n693,51.0,44.98393
51.333332,0.16666667,51.333332,0.16666667,6160,20,63,5,n706,51.0,44.98393
51.5,0.16666667,51.5,0.16666667,6180,20,53,5,n707,51.0,44.98393
51.5,0.16666667,51.5,0.16666667,6180,20,56,5,n708,51.0,44.98393
51.666668,0.33333334,51.666668,0.33333334,6200,40,77,1,n694,51.0,44.98393
51.666668,0.33333334,51.666668,0.33333334,6200,40,89,1,n695,51.0,44.98393
51.666668,0.16666667,51.666668,0.16666667,6200,20,63,5,n709,51.0,44.98393
51.833332,0.16666667,51.833332,0.16666667,6220,20,61,5,n710,51.0,44.98393
52.0,0.16666667,52.0,0.16666667,6240,20,39,5,n721,52.0,46.29803
52.166668,0.16666667,52.166668,0.16666667,6260,20,47,5,n722,52.0,46.29803
52.25,0.5,52.25,0.5,6270,60,74,1,n712,52.0,46.29803
52.25,0.5,52.25,0.5,6270,60,86,1,n713,52.0,46.29803
52.333332,0.16666667,52.333332,0.16666667,6280,20,56,5,n723,52.0,46.29803
52.5,0.16666667,52.5,0.16666667,6300,20,59,5,n724,52.0,46.29803
52.666668,0.16666667,52.666668,0.16666667,6320,20,68,5,n725,52.0,46.29803
52.75,0.25,52.75,0.25,6330,30,75,1,n714,52.0,46.29803
52.75,0.25,52.75,0.25,6330,30,87,1,n715,52.0,46.29803
52.833332,0.16666667,52.833332,0.16666667,6340,20,63,5,n726,52.0,46.29803
53.0,0.16666667,53.0,0.16666667,6360,20,39,5,n727,53.0,47.19413
53.166668,0.16666667,53.166668,0.16666667,6380,20,49,5,n728,53.0,47.19413
53.25,0.5,53.25,0.5,6390,60,76,1,n717,53.0,47.19413
53.25,0.5,53.25,0.5,6390,60,88,1,n718,53.0,47.19413
53.333332,0.16666667,53.333332,0.16666667,6400,20,55,5,n729,53.0,47.19413
53.5,0.16666667,53.5,0.16666667,6420,20,58,5,n730,53.0,47.19413
53.666668,0.16666667,53.666668,0.16666667,6440,20,67,5,n731,53.0,47.19413
53.75,0.25,53.75,0.25,6450,30,75,1,n719,53.0,47.19413
53.75,0.25,53.75,0.25,6450,30,87,1,n720,53.0,47.19413
53.833332,0.16666667,53.833332,0.16666667,6460,20,61,5,n732,53.0,47.19413
54.0,0.16666667,54.0,0.16666667,6480,20,44,5,n744,54.0,48.111595
54.166668,0.16666667,54.166668,0.16666667,6500,20,51,5,n745,54.0,48.111595
54.333332,0.33333334,54.333332,0.33333334,6520,40,74,1,n734,54.0,48.111595
54.333332,0.33333334,54.333332,0.33333334,6520,40,86,1,n735,54.0,48.111595
54.333332,0.16666667,54.333332,0.16666667,6520,20,59,5,n746,54.0,48.111595
54.5,0.16666667,54.5,0.16666667,6540,20,59,5,n747,54.0,48.111595
54.5,0.16666667,54.5,0.16666667,6540,20,63,5,n748,54.0,48.111595
54.666668,0.33333334,54.666668,0.33333334,6560,40,76,1,n736,54.0,48.111595
54.666668,0.33333334,54.666668,0.33333334,6560,40,88,1,n737,54.0,48.111595
54.666668,0.16666667,54.666668,0.16666667,6560,20,70,5,n749,54.0,48.111595
54.833332,0.16666667,54.833332,0.16666667,6580,20,68,5,n750,54.0,48.111595
55.0,0.33333334,55.0,0.33333334,6600,40,75,1,n738,55.0,48.804707
55.0,0.33333334,55.0,0.33333334,6600,40,87,1,n739,55.0,48.804707
55.0,0.16666667,55.0,0.16666667,6600,20,58,5,n751,55.0,48.804707
55.0,0.16666667,55.0,0.16666667,6600,20,61,5,n752,55.0,48.804707
55.166668,0.16666667,55.166668,0.16666667,6620,20,68,5,n753,55.0,48.804707
55.333332,0.33333334,55.333332,0.33333334,6640,40,83,1,n740,55.0,48.804707
55.333332,0.33333334,55.333332,0.33333334,6640,40,95,1,n741,55.0,48.804707
55.333332,0.16666667,55.333332,0.16666667,6640,20,66,5,n754,55.0,48.804707
55.5,0.16666667,55.5,0.16666667,6660,20,56,5,n755,55.0,48.804707
55.5,0.16666667,55.5,0.16666667,6660,20,59,5,n756,55.0,48.804707
55.666668,0.33333334,55.666668,0.33333334,6680,40,80,1,n742,55.0,48.804707
55.666668,0.33333334,55.666668,0.33333334,6680,40,92,1,n743,55.0,48.804707
55.666668,0.16666667,55.666668,0.16666667,6680,20,66,5,n757,55.0,48.804707
55.833332,0.16666667,55.833332,0.16666667,6700,20,64,5,n758,55.0,48.804707
56.0,0.16666667,56.0,0.16666667,6720,20,42,5,n769,56.0,49.891777
56.166668,0.16666667,56.166668,0.16666667,6740,20,51,5,n770,56.0,49.891777
56.25,0.5,56.25,0.5,6750,60,77,1,n760,56.0,49.891777
56.25,0.5,56.25,0.5,6750,60,89,1,n761,56.0,49.891777
56.333332,0.16666667,56.333332,0.16666667,6760,20,59,5,n771,56.0,49.891777
56.5,0.16666667,56.5,0.16666667,6780,20,63,5,n772,56.0,49.891777
56.666668,0.16666667,56.666668,0.16666667,6800,20,71,5,n773,56.0,49.891777
56.75,0.25,56.75,0.25,6810,30,78,1,n762,56.0,49.891777
56.75,0.25,56.75,0.25,6810,30,90,1,n763,56.0,49.891777
56.833332,0.16666667,56.833332,0.16666667,6820,20,67,5,n774,56.0,49.891777
57.0,0.16666667,57.0,0.16666667,6840,20,42,5,n775,57.0,50.7398
57.166668,0.16666667,57.166668,0.16666667,6860,20,52,5,n776,57.0,50.7398
57.25,0.5,57.25,0.5,6870,60,79,1,n765,57.0,50.7398
57.25,0.5,57.25,0.5,6870,60,91,1,n766,57.0,50.7398
57.333332,0.16666667,57.333332,0.16666667,6880,20,58,5,n777,57.0,50.7398
57.5,0.16666667,57.5,0.16666667,6900,20,61,5,n778,57.0,50.7398
57.666668,0.16666667,57.666668,0.16666667,6920,20,70,5,n779,57.0,50.7398
57.75,0.25,57.75,0.25,6930,30,78,1,n767,57.0,50.7398
57.75,0.25,57.75,0.25,6930,30,90,1,n768,57.0,50.7398
57.833332,0.16666667,57.833332,0.16666667,6940,20,64,5,n780,57.0,50.7398
58.0,0.16666667,58.0,0.16666667,6960,20,42,5,n792,58.0,51.62388
58.166668,0.16666667,58.166668,0.16666667,6980,20,51,5,n793,58.0,51.62388
58.25,0.5,58.25,0.5,6990,60,77,1,n782,58.0,51.62388
58.25,0.5,58.25,0.5,6990,60,89,1,n783,58.0,51.62388
58.333332,0.16666667,58.333332,0.16666667,7000,20,59,5,n794,58.0,51.62388
58.5,0.16666667,58.5,0.16666667,7020,20,55,5,n795,58.0,51.62388
58.666668,0.16666667,58.666668,0.16666667,7040,20,63,5,n796,58.0,51.62388
58.75,0.25,58.75,0.25,7050,30,78,1,n784,58.0,51.62388
58.75,0.25,58.75,0.25,7050,30,90,1,n785,58.0,51.62388
58.833332,0.16666667,58.833332,0.16666667,7060,20,59,5,n797,58.0,51.62388
59.0,0.33333334,59.0,0.33333334,7080,40,81,1,n786,59.0,52.51998
59.0,0.33333334,59.0,0.33333334,7080,40,93,1,n787,59.0,52.51998
59.0,0.16666667,59.0,0.16666667,7080,20,42,5,n798,59.0,52.51998
59.166668,0.16666667,59.166668,0.16666667,7100,20,52,5,n799,59.0,52.51998
59.333332,0.5,59.333332,0.5,7120,60,79,1,n788,59.0,52.51998
59.333332,0.5,59.333332,0.5,7120,60,91,1,n789,59.0,52.51998
59.333332,0.16666667,59.333332,0.16666667,7120,20,58,5,n800,59.0,52.51998
59.5,0.16666667,59.5,0.16666667,7140,20,52,5,n801,59.0,52.51998
59.666668,0.16666667,59.666668,0.16666667,7160,20,61,5,n802,59.0,52.51998
59.833332,0.16666667,59.833332,0.16666667,7180,20,78,1,n790,59.0,52.51998
59.833332,0.16666667,59.833332,0.16666667,7180,20,90,1,n791,59.0,52.51998
59.833332,0.16666667,59.833332,0.16666667,7180,20,58,5,n803,59.0,52.51998
60.0,1.0,60.0,1.0,7200,120,87,1,n804,60.0,54.272114
60.0,1.0,60.0,1.0,7200,120,99,1,n805,60.0,54.272114
60.0,0.16666667,60.0,0.16666667,7200,20,47,5,n810,60.0,54.272114
60.166668,0.16666667,60.166668,0.16666667,7220,20,57,5,n811,60.0,54.272114
60.333332,0.16666667,60.333332,0.16666667,7240,20,54,5,n812,60.0,54.272114
60.5,0.16666667,60.5,0.16666667,7260,20,60,5,n813,60.0,54.272114
60.666668,0.16666667,60.666668,0.16666667,7280,20,57,5,n814,60.0,54.272114
60.833332,0.16666667,60.833332,0.16666667,7300,20,66,5,n815,60.0,54.272114
61.0,0.75,61.0,0.75,7320,90,87,1,n806,61.0,55.305767
61.0,0.75,61.0,0.75,7320,90,99,1,n807,61.0,55.305767
61.0,0.16666667,61.0,0.16666667,7320,20,60,5,n816,61.0,55.305767
61.166668,0.16666667,61.166668,0.16666667,7340,20,69,5,n817,61.0,55.305767
61.333332,0.16666667,61.333332,0.16666667,7360,20,66,5,n818,61.0,55.305767
61.5,0.16666667,61.5,0.16666667,7380,20,72,5,n819,61.0,55.305767
61.666668,0.16666667,61.666668,0.16666667,7400,20,60,5,n820,61.0,55.305767
61.75,0.25,61.75,0.25,7410,30,87,1,n808,61.0,55.305767
61.75,0.25,61.75,0.25,7410,30,99,1,n809,61.0,55.305767
61.833332,0.16666667,61.833332,0.16666667,7420,20,69,5,n821,61.0,55.305767
62.0,1.0,62.0,1.0,7440,120,87,1,n822,62.0,56.23926
62.0,1.0,62.0,1.0,7440,120,99,1,n823,62.0,56.23926
62.0,0.16666667,62.0,0.16666667,7440,20,47,5,n826,62.0,56.23926
62.166668,0.16666667,62.166668,0.16666667,7460,20,56,5,n827,62.0,56.23926
62.333332,0.16666667,62.333332,0.16666667,7480,20,53,5,n828,62.0,56.23926
62.5,0.16666667,62.5,0.16666667,7500,20,59,5,n829,62.0,56.23926
62.666668,0.16666667,62.666668,0.16666667,7520,20,56,5,n830,62.0,56.23926
62.833332,0.16666667,62.833332,0.16666667,7540,20,65,5,n831,62.0,56.23926
63.0,1.5,63.0,1.5,7560,180,86,1,n824,63.0,56.90833
63.0,1.5,63.0,1.5,7560,180,98,1,n825,63.0,56.90833
63.0,0.16666667,63.0,0.16666667,7560,20,59,5,n832,63.0,56.90833
63.166668,0.16666667,63.166668,0.16666667,7580,20,68,5,n833,63.0,56.90833
63.333332,0.16666667,63.333332,0.16666667,7600,20,65,5,n834,63.0,56.90833
63.5,0.16666667,63.5,0.16666667,7620,20,71,5,n835,63.0,56.90833
63.666668,0.16666667,63.666668,0.16666667,7640,20,59,5,n836,63.0,56.90833
63.833332,0.16666667,63.833332,0.16666667,7660,20,68,5,n837,63.0,56.90833
64.0,0.16666667,64.0,0.16666667,7680,20,47,5,n846,64.0,57.75368
64.166664,0.16666667,64.166664,0.16666667,7700,20,55,5,n847,64.0,57.75368
64.333336,0.16666667,64.333336,0.16666667,7720,20,52,5,n848,64.0,57.75368
64.5,0.5,64.5,0.5,7740,60,85,1,n840,64.0,57.75368
64.5,0.5,64.5,0.5,7740,60,97,1,n841,64.0,57.75368
64.5,0.16666667,64.5,0.16666667,7740,20,58,5,n849,64.0,57.75368
64.666664,0.16666667,64.666664,0.16666667,7760,20,55,5,n850,64.0,57.75368
64.833336,0.16666667,64.833336,0.16666667,7780,20,64,5,n851,64.0,57.75368
65.0,0.5,65.0,0.5,7800,60,87,1,n842,65.0,58.354645
65.0,0.5,65.0,0.5,7800,60,99,1,n843,65.0,58.354645
65.0,0.16666667,65.0,0.16666667,7800,20,58,5,n852,65.0,58.354645
65.166664,0.16666667,65.166664,0.16666667,7820,20,67,5,n853,65.0,58.354645
65.333336,0.16666667,65.333336,0.16666667,7840,20,64,5,n854,65.0,58.354645
65.5,0.5,65.5,0.5,7860,60,88,1,n844,65.0,58.354645
65.5,0.5,65.5,0.5,7860,60,100,1,n845,65.0,58.354645
65.5,0.16666667,65.5,0.16666667,7860,20,70,5,n855,65.0,58.354645
65.666664,0.16666667,65.666664,0.16666667,7880,20,58,5,n856,65.0,58.354645
65.833336,0.16666667,65.833336,0.16666667,7900,20,67,5,n857,65.0,58.354645
66.0,0.75,66.0,0.75,7920,90,90,1,n858,66.0,59.290806
66.0,0.75,66.0,0.75,7920,90,102,1,n859,66.0,59.290806
66.0,0.16666667,66.0,0.16666667,7920,20,47,5,n865,66.0,59.290806
66.166664,0.16666667,66.166664,0.16666667,7940,20,54,5,n866,66.0,59.290806
66.333336,0.16666667,66.333336,0.16666667,7960,20,51,5,n867,66.0,59.290806
66.5,0.16666667,66.5,0.16666667,7980,20,59,5,n868,66.0,59.290806
66.666664,0.16666667,66.666664,0.16666667,8000,20,54,5,n869,66.0,59.290806
66.75,0.25,66.75,0.25,8010,30,87,1,n860,66.0,59.290806
66.75,0.25,66.75,0.25,8010,30,99,1,n861,66.0,59.290806
66.833336,0.16666667,66.833336,0.16666667,8020,20,63,5,n870,66.0,59.290806
67.0,0.5,67.0,0.5,8040,60,83,1,n862,67.0,60.092087
67.0,0.5,67.0,0.5,8040,60,95,1,n863,67.0,60.092087
67.0,0.16666667,67.0,0.16666667,8040,20,59,5,n871,67.0,60.092087
67.166664,0.16666667,67.166664,0.16666667,8060,20,66,5,n872,67.0,60.092087
67.333336,0.16666667,67.333336,0.16666667,8080,20,63,5,n873,67.0,60.092087
67.5,0.16666667,67.5,0.16666667,8100,20,71,5,n874,67.0,60.092087
67.666664,0.16666667,67.666664,0.16666667,8120,20,59,5,n875,67.0,60.092087
67.833336,0.16666667,67.833336,0.16666667,8140,20,66,5,n876,67.0,60.092087
68.0,1.0,68.0,1.0,8160,120,75,1,n877,68.0,61.209873
68.0,1.0,68.0,1.0,8160,120,87,1,n878,68.0,61.209873
68.0,0.16666667,68.0,0.16666667,8160,20,47,5,n883,68.0,61.209873
68.166664,0.16666667,68.166664,0.16666667,8180,20,57,5,n884,68.0,61.209873
68.333336,0.16666667,68.333336,0.16666667,8200,20,54,5,n885,68.0,61.209873
68.5,0.16666667,68.5,0.16666667,8220,20,60,5,n886,68.0,61.209873
68.666664,0.16666667,68.666664,0.16666667,8240,20,57,5,n887,68.0,61.209873
68.833336,0.16666667,68.833336,0.16666667,8260,20,66,5,n888,68.0,61.209873
69.0,0.75,69.0,0.75,8280,90,75,1,n879,69.0,61.830868
69.0,0.75,69.0,0.75,8280,90,87,1,n880,69.0,61.830868
69.0,0.16666667,69.0,0.16666667,8280,20,60,5,n889,69.0,61.830868
69.166664,0.16666667,69.166664,0.16666667,8300,20,69,5,n890,69.0,61.830868
69.333336,0.16666667,69.333336,0.16666667,8320,20,66,5,n891,69.0,61.830868
69.5,0.16666667,69.5,0.16666667,8340,20,72,5,n892,69.0,61.830868
69.666664,0.16666667,69.666664,0.16666667,8360,20,60,5,n893,69.0,61.830868
69.75,0.25,69.75,0.25,8370,30,75,1,n881,69.0,61.830868
69.75,0.25,69.75,0.25,8370,30,87,1,n882,69.0,61.830868
69.833336,0.16666667,69.833336,0.16666667,8380,20,69,5,n894,69.0,61.830868
70.0,1.0,70.0,1.0,8400,120,75,1,n895,70.0,62.69091
70.0,1.0,70.0,1.0,8400,120,87,1,n896,70.0,62.69091
70.0,0.16666667,70.0,0.16666667,8400,20,47,5,n899,70.0,62.69091
70.166664,0.16666667,70.166664,0.16666667,8420,20,56,5,n900,70.0,62.69091
70.333336,0.16666667,70.333336,0.16666667,8440,20,53,5,n901,70.0,62.69091
70.5,0.16666667,70.5,0.16666667,8460,20,59,5,n902,70.0,62.69091
70.666664,0.16666667,70.666664,0.16666667,8480,20,56,5,n903,70.0,62.69091
70.833336,0.16666667,70.833336,0.16666667,8500,20,65,5,n904,70.0,62.69091
71.0,1.5,71.0,1.5,8520,180,74,1,n897,71.0,63.31591
71.0,1.5,71.0,1.5,8520,180,86,1,n898,71.0,63.31591
71.0,0.16666667,71.0,0.16666667,8520,20,59,5,n905,71.0,63.31591
71.166664,0.16666667,71.166664,0.16666667,8540,20,68,5,n906,71.0,63.31591
71.333336,0.16666667,71.333336,0.16666667,8560,20,65,5,n907,71.0,63.31591
71.5,0.16666667,71.5,0.16666667,8580,20,71,5,n908,71.0,63.31591
71.666664,0.16666667,71.666664,0.16666667,8600,20,59,5,n909,71.0,63.31591
71.833336,0.16666667,71.833336,0.16666667,8620,20,68,5,n910,71.0,63.31591
72.0,0.16666667,72.0,0.16666667,8640,20,46,5,n919,72.0,64.230705
72.166664,0.16666667,72.166664,0.16666667,8660,20,56,5,n920,72.0,64.230705
72.333336,0.16666667,72.333336,0.16666667,8680,20,53,5,n921,72.0,64.230705
72.5,0.5,72.5,0.5,8700,60,74,1,n913,72.0,64.230705
72.5,0.5,72.5,0.5,8700,60,86,1,n914,72.0,64.230705
72.5,0.16666667,72.5,0.16666667,8700,20,59,5,n922,72.0,64.230705
72.666664,0.16666667,72.666664,0.16666667,8720,20,56,5,n923,72.0,64.230705
72.833336,0.16666667,72.833336,0.16666667,8740,20,62,5,n924,72.0,64.230705
73.0,0.5,73.0,0.5,8760,60,75,1,n915,73.0,64.79828
73.0,0.5,73.0,0.5,8760,60,87,1,n916,73.0,64.79828
73.0,0.16666667,73.0,0.16666667,8760,20,44,5,n925,73.0,64.79828
73.166664,0.16666667,73.166664,0.16666667,8780,20,53,5,n926,73.0,64.79828
73.333336,0.16666667,73.333336,0.16666667,8800,20,50,5,n927,73.0,64.79828
73.5,0.5,73.5,0.5,8820,60,77,1,n917,73.0,64.79828
73.5,0.5,73.5,0.5,8820,60,89,1,n918,73.0,64.79828
73.5,0.16666667,73.5,0.16666667,8820,20,59,5,n928,73.0,64.79828
73.666664,0.16666667,73.666664,0.16666667,8840,20,53,5,n929,73.0,64.79828
73.833336,0.16666667,73.833336,0.16666667,8860,20,58,5,n930,73.0,64.79828
74.0,0.5,74.0,0.5,8880,60,80,1,n931,74.0,65.57686
74.0,0.5,74.0,0.5,8880,60,92,1,n932,74.0,65.57686
74.0,0.16666667,74.0,0.16666667,8880,20,42,5,n937,74.0,65.57686
74.166664,0.16666667,74.166664,0.16666667,8900,20,54,5,n938,74.0,65.57686
74.333336,0.16666667,74.333336,0.16666667,8920,20,51,5,n939,74.0,65.57686
74.5,1.0,74.5,1.0,8940,120,78,1,n933,74.0,65.57686
74.5,1.0,74.5,1.0,8940,120,90,1,n934,74.0,65.57686
74.5,0.16666667,74.5,0.16666667,8940,20,58,5,n940,74.0,65.57686
74.666664,0.16666667,74.666664,0.16666667,8960,20,54,5,n941,74.0,65.57686
74.833336,0.16666667,74.833336,0.16666667,8980,20,63,5,n942,74.0,65.57686
75.0,0.16666667,75.0,0.16666667,9000,20,44,5,n943,75.0,66.17515
75.166664,0.16666667,75.166664,0.16666667,9020,20,56,5,n944,75.0,66.17515
75.333336,0.16666667,75.333336,0.16666667,9040,20,52,5,n945,75.0,66.17515
75.5,1.0,75.5,1.0,9060,120,76,1,n935,75.0,66.17515
75.5,1.0,75.5,1.0,9060,120,88,1,n936,75.0,66.17515
75.5,0.16666667,75.5,0.16666667,9060,20,59,5,n946,75.0,66.17515
75.666664,0.16666667,75.666664,0.16666667,9080,20,56,5,n947,75.0,66.17515
75.833336,0.16666667,75.833336,0.16666667,9100,20,64,5,n948,75.0,66.17515
76.0,0.16666667,76.0,0.16666667,9120,20,42,5,n961,76.0,66.809494
76.166664,0.16666667,76.166664,0.16666667,9140,20,54,5,n962,76.0,66.809494
76.333336,0.16666667,76.333336,0.16666667,9160,20,54,5,n963,76.0,66.809494
76.5,0.75,76.5,0.75,9180,90,75,1,n951,76.0,66.809494
76.5,0.75,76.5,0.75,9180,90,87,1,n952,76.0,66.809494
76.5,0.16666667,76.5,0.16666667,9180,20,63,5,n964,76.0,66.809494
76.666664,0.16666667,76.666664,0.16666667,9200,20,56,5,n965,76.0,66.809494
76.833336,0.16666667,76.833336,0.16666667,9220,20,66,5,n966,76.0,66.809494
77.0,0.16666667,77.0,0.16666667,9240,20,44,5,n967,77.0,67.42114
77.166664,0.16666667,77.166664,0.16666667,9260,20,56,5,n968,77.0,67.42114
77.25,0.25,77.25,0.25,9270,30,74,1,n955,77.0,67.42114
77.25,0.25,77.25,0.25,9270,30,86,1,n956,77.0,67.42114
77.333336,0.16666667,77.333336,0.16666667,9280,20,53,5,n969,77.0,67.42114
77.5,0.25,77.5,0.25,9300,30,75,1,n957,77.0,67.42114
77.5,0.25,77.5,0.25,9300,30,87,1,n958,77.0,67.42114
77.5,0.16666667,77.5,0.16666667,9300,20,59,5,n970,77.0,67.42114
77.666664,0.16666667,77.666664,0.16666667,9320,20,56,5,n971,77.0,67.42114
77.75,0.25,77.75,0.25,9330,30,77,1,n959,77.0,67.42114
77.75,0.25,77.75,0.25,9330,30,89,1,n960,77.0,67.42114
77.833336,0.16666667,77.833336,0.16666667,9340,20,62,5,n972,77.0,67.42114
78.0,0.33333334,78.0,0.33333334,9360,40,80,1,n973,78.0,68.20907
78.0,0.33333334,78.0,0.33333334,9360,40,92,1,n974,78.0,68.20907
78.0,0.16666667,78.0,0.16666667,9360,20,42,5,n985,78.0,68.20907
78.166664,0.16666667,78.166664,0.16666667,9380,20,54,5,n986,78.0,68.20907
78.333336,0.33333334,78.333336,0.33333334,9400,40,78,1,n975,78.0,68.20907
78.333336,0.33333334,78.333336,0.33333334,9400,40,90,1,n976,78.0,68.20907
78.333336,0.16666667,78.333336,0.16666667,9400,20,51,5,n987,78.0,68.20907
78.5,0.16666667,78.5,0.16666667,9420,20,58,5,n988,78.0,68.20907
78.666664,0.6666667,78.666664,0.6666667,9440,80,83,1,n977,78.0,68.20907
78.666664,0.6666667,78.666664,0.6666667,9440,80,95,1,n978,78.0,68.20907
78.666664,0.16666667,78.666664,0.16666667,9440,20,54,5,n989,78.0,68.20907
78.833336,0.16666667,78.833336,0.16666667,9460,20,63,5,n990,78.0,68.20907
79.0,0.16666667,79.0,0.16666667,9480,20,44,5,n991,79.0,68.83273
79.166664,0.16666667,79.166664,0.16666667,9500,20,56,5,n992,79.0,68.83273
79.333336,0.33333334,79.333336,0.33333334,9520,40,76,1,n981,79.0,68.83273
79.333336,0.33333334,79.333336,0.33333334,9520,40,88,1,n982,79.0,68.83273
79.333336,0.16666667,79.333336,0.16666667,9520,20,52,5,n993,79.0,68.83273
79.5,0.16666667,79.5,0.16666667,9540,20,59,5,n994,79.0,68.83273
79.666664,0.6666667,79.666664,0.6666667,9560,80,83,1,n983,79.0,68.83273
79.666664,0.6666667,79.666664,0.6666667,9560,80,95,1,n984,79.0,68.83273
79.666664,0.16666667,79.666664,0.16666667,9560,20,56,5,n995,79.0,68.83273
79.833336,0.16666667,79.833336,0.16666667,9580,20,64,5,n996,79.0,68.83273
80.0,0.16666667,80.0,0.16666667,9600,20,42,5,n1012,80.0,69.41766
80.166664,0.16666667,80.166664,0.16666667,9620,20,54,5,n1013,80.0,69.41766
80.333336,0.33333334,80.333336,0.33333334,9640,40,75,1,n999,80.0,69.41766
80.333336,0.33333334,80.333336,0.33333334,9640,40,87,1,n1000,80.0,69.41766
80.333336,0.16666667,80.333336,0.16666667,9640,20,54,5,n1014,80.0,69.41766
80.5,0.16666667,80.5,0.16666667,9660,20,63,5,n1015,80.0,69.41766
80.666664,0.5833333,80.666664,0.5833333,9680,70,83,1,n1001,80.0,69.41766
80.666664,0.5833333,80.666664,0.5833333,9680,70,95,1,n1002,80.0,69.41766
80.666664,0.16666667,80.666664,0.16666667,9680,20,56,5,n1016,80.0,69.41766
80.833336,0.16666667,80.833336,0.16666667,9700,20,66,5,n1017,80.0,69.41766
81.0,0.125,81.0,0.125,9720,15,46,5,n1018,81.0,70.12146
81.125,0.125,81.125,0.125,9735,15,53,5,n1019,81.0,70.12146
81.25,0.25,81.25,0.25,9750,30,74,1,n1005,81.0,70.12146
81.25,0.25,81.25,0.25,9750,30,86,1,n1006,81.0,70.12146
81.25,0.125,81.25,0.125,9750,15,56,5,n1020,81.0,70.12146
81.375,0.125,81.375,0.125,9765,15,62,5,n1021,81.0,70.12146
81.5,0.25,81.5,0.25,9780,30,83,1,n1007,81.0,70.12146
81.5,0.25,81.5,0.25,9780,30,95,1,n1008,81.0,70.12146
81.5,0.25,81.5,0.25,9780,30,71,5,n1022,81.0,70.12146
81.875,0.125,81.875,0.125,9825,15,82,1,n1010,81.0,70.12146
81.875,0.125,81.875,0.125,9825,15,94,1,n1011,81.0,70.12146
81.875,0.125,81.875,0.125,9825,15,70,5,n1024,81.0,70.12146
82.0,0.5,82.0,0.5,9840,60,75,1,n1025,82.0,71.79747
82.0,0.5,82.0,0.5,9840,60,82,1,n1026,82.0,71.79747
82.0,0.5,82.0,0.5,9840,60,87,1,n1027,82.0,71.79747
82.0,0.5,82.0,0.5,9840,60,51,5,n1029,82.0,71.79747
82.0,0.5,82.0,0.5,9840,60,66,5,n1030,82.0,71.79747
82.5,0.16666667,82.5,0.16666667,9900,20,69,5,n1031,82.0,71.79747
82.5,0.16666667,82.5,0.16666667,9900,20,78,5,n1032,82.0,71.79747
82.666664,0.16666667,82.666664,0.16666667,9920,20,72,5,n1033,82.0,71.79747
82.666664,0.16666667,82.666664,0.16666667,9920,20,75,5,n1034,82.0,71.79747
82.666664,0.16666667,82.666664,0.16666667,9920,20,80,5,n1035,82.0,71.79747
82.833336,0.16666667,82.833336,0.16666667,9940,20,69,5,n1036,82.0,71.79747
82.833336,0.16666667,82.833336,0.16666667,9940,20,78,5,n1037,82.0,71.79747
83.0,0.16666667,83.0,0.16666667,9960,20,72,5,n1038,83.0,72.38775
83.0,0.16666667,83.0,0.16666667,9960,20,75,5,n1039,83.0,72.38775
83.0,0.16666667,83.0,0.16666667,9960,20,77,5,n1040,83.0,72.38775
83.166664,0.16666667,83.166664,0.16666667,9980,20,69,5,n1041,83.0,72.38775
83.166664,0.16666667,83.166664,0.16666667,9980,20,78,5,n1042,83.0,72.38775
83.333336,0.16666667,83.333336,0.16666667,10000,20,72,5,n1043,83.0,72.38775
83.333336,0.16666667,83.333336,0.16666667,10000,20,75,5,n1044,83.0,72.38775
83.333336,0.16666667,83.333336,0.16666667,10000,20,77,5,n1045,83.0,72.38775
83.5,0.16666667,83.5,0.16666667,10020,20,69,5,n1046,83.0,72.38775
83.5,0.16666667,83.5,0.16666667,10020,20,78,5,n1047,83.0,72.38775
83.666664,0.16666667,83.666664,0.16666667,10040,20,72,5,n1048,83.0,72.38775
83.666664,0.16666667,83.666664,0.16666667,10040,20,75,5,n1049,83.0,72.38775
83.666664,0.16666667,83.666664,0.16666667,10040,20,80,5,n1050,83.0,72.38775
83.833336,0.16666667,83.833336,0.16666667,10060,20,69,5,n1051,83.0,72.38775
83.833336,0.16666667,83.833336,0.16666667,10060,20,78,5,n1052,83.0,72.38775
84.0,0.5,84.0,0.5,10080,60,72,1,n1053,84.0,72.873856
84.0,0.5,84.0,0.5,10080,60,75,1,n1054,84.0,72.873856
84.0,0.5,84.0,0.5,10080,60,81,1,n1055,84.0,72.873856
84.5,0.16666667,84.5,0.16666667,10140,20,54,1,n1056,84.0,72.873856
84.5,0.5,84.5,0.5,10140,60,39,5,n1066,84.0,72.873856
84.5,0.5,84.5,0.5,10140,60,45,5,n1067,84.0,72.873856
84.5,0.5,84.5,0.5,10140,60,48,5,n1068,84.0,72.873856
84.5,0.5,84.5,0.5,10140,60,51,5,n1069,84.0,72.873856
84.666664,0.16666667,84.666664,0.16666667,10160,20,56,1,n1057,84.0,72.873856
84.833336,0.16666667,84.833336,0.16666667,10180,20,54,1,n1058,84.0,72.873856
85.0,0.16666667,85.0,0.16666667,10200,20,66,1,n1059,85.0,73.490845
85.0,0.5,85.0,0.5,10200,60,39,5,n1070,85.0,73.490845
85.0,0.5,85.0,0.5,10200,60,45,5,n1071,85.0,73.490845
85.0,0.5,85.0,0.5,10200,60,48,5,n1072,85.0,73.490845
85.0,0.5,85.0,0.5,10200,60,51,5,n1073,85.0,73.490845
85.166664,0.16666667,85.166664,0.16666667,10220,20,68,1,n1060,85.0,73.490845
85.333336,0.16666667,85.333336,0.16666667,10240,20,66,1,n1061,85.0,73.490845
85.5,0.16666667,85.5,0.16666667,10260,20,78,1,n1062,85.0,73.490845
85.5,0.5,85.5,0.5,10260,60,39,5,n1074,85.0,73.490845
85.5,0.5,85.5,0.5,10260,60,45,5,n1075,85.0,73.490845
85.5,0.5,85.5,0.5,10260,60,48,5,n1076,85.0,73.490845
85.5,0.5,85.5,0.5,10260,60,51,5,n1077,85.0,73.490845
85.666664,0.16666667,85.666664,0.16666667,10280,20,80,1,n1063,85.0,73.490845
85.833336,0.16666667,85.833336,0.16666667,10300,20,78,1,n1064,85.0,73.490845
86.0,0.5,86.0,0.5,10320,60,90,1,n1078,86.0,74.07778
86.0,0.5,86.0,0.5,10320,60,39,5,n1080,86.0,74.07778
86.0,0.5,86.0,0.5,10320,60,46,5,n1081,86.0,74.07778
86.0,0.5,86.0,0.5,10320,60,51,5,n1082,86.0,74.07778
86.5,0.16666667,86.5,0.16666667,10380,20,69,5,n1083,86.0,74.07778
86.5,0.16666667,86.5,0.16666667,10380,20,78,5,n1084,86.0,74.07778
86.666664,0.16666667,86.666664,0.16666667,10400,20,72,5,n1085,86.0,74.07778
86.666664,0.16666667,86.666664,0.16666667,10400,20,75,5,n1086,86.0,74.07778
86.666664,0.16666667,86.666664,0.16666667,10400,20,80,5,n1087,86.0,74.07778
86.833336,0.16666667,86.833336,0.16666667,10420,20,69,5,n1088,86.0,74.07778
86.833336,0.16666667,86.833336,0.16666667,10420,20,78,5,n1089,86.0,74.07778
87.0,0.16666667,87.0,0.16666667,10440,20,72,5,n1090,87.0,74.65137
87.0,0.16666667,87.0,0.16666667,10440,20,75,5,n1091,87.0,74.65137
87.0,0.16666667,87.0,0.16666667,10440,20,77,5,n1092,87.0,74.65137
87.166664,0.16666667,87.166664,0.16666667,10460,20,69,5,n1093,87.0,74.65137
87.166664,0.16666667,87.166664,0.16666667,10460,20,78,5,n1094,87.0,74.65137
87.333336,0.16666667,87.333336,0.16666667,10480,20,72,5,n1095,87.0,74.65137
87.333336,0.16666667,87.333336,0.16666667,10480,20,75,5,n1096,87.0,74.65137
87.333336,0.16666667,87.333336,0.16666667,10480,20,77,5,n1097,87.0,74.65137
87.5,0.16666667,87.5,0.16666667,10500,20,69,5,n1098,87.0,74.65137
87.5,0.16666667,87.5,0.16666667,10500,20,78,5,n1099,87.0,74.65137
87.666664,0.16666667,87.666664,0.16666667,10520,20,72,5,n1100,87.0,74.65137
87.666664,0.16666667,87.666664,0.16666667,10520,20,75,5,n1101,87.0,74.65137
87.666664,0.16666667,87.666664,0.16666667,10520,20,80,5,n1102,87.0,74.65137
87.833336,0.16666667,87.833336,0.16666667,10540,20,69,5,n1103,87.0,74.65137
87.833336,0.16666667,87.833336,0.16666667,10540,20,78,5,n1104,87.0,74.65137
88.0,0.5,88.0,0.5,10560,60,72,1,n1105,88.0,75.16018
88.0,0.5,88.0,0.5,10560,60,75,1,n1106,88.0,75.16018
88.0,0.5,88.0,0.5,10560,60,81,1,n1107,88.0,75.16018
88.5,0.16666667,88.5,0.16666667,10620,20,54,1,n1108,88.0,75.16018
88.5,0.5,88.5,0.5,10620,60,39,5,n1118,88.0,75.16018
88.5,0.5,88.5,0.5,10620,60,45,5,n1119,88.0,75.16018
88.5,0.5,88.5,0.5,10620,60,48,5,n1120,88.0,75.16018
88.5,0.5,88.5,0.5,10620,60,51,5,n1121,88.0,75.16018
88.666664,0.16666667,88.666664,0.16666667,10640,20,56,1,n1109,88.0,75.16018
88.833336,0.16666667,88.833336,0.16666667,10660,20,54,1,n1110,88.0,75.16018
89.0,0.16666667,89.0,0.16666667,10680,20,66,1,n1111,89.0,75.8199
89.0,0.5,89.0,0.5,10680,60,39,5,n1122,89.0,75.8199
89.0,0.5,89.0,0.5,10680,60,45,5,n1123,89.0,75.8199
89.0,0.5,89.0,0.5,10680,60,48,5,n1124,89.0,75.8199
89.0,0.5,89.0,0.5,10680,60,51,5,n1125,89.0,75.8199
89.166664,0.16666667,89.166664,0.16666667,10700,20,68,1,n1112,89.0,75.8199
89.333336,0.16666667,89.333336,0.16666667,10720,20,66,1,n1113,89.0,75.8199
89.5,0.16666667,89.5,0.16666667,10740,20,78,1,n1114,89.0,75.8199
89.5,0.5,89.5,0.5,10740,60,39,5,n1126,89.0,75.8199
89.5,0.5,89.5,0.5,10740,60,45,5,n1127,89.0,75.8199
89.5,0.5,89.5,0.5,10740,60,48,5,n1128,89.0,75.8199
89.5,0.5,89.5,0.5,10740,60,51,5,n1129,89.0,75.8199
89.666664,0.16666667,89.666664,0.16666667,10760,20,80,1,n1115,89.0,75.8199
89.833336,0.16666667,89.833336,0.16666667,10780,20,78,1,n1116,89.0,75.8199
90.0,0.16666667,90.0,0.16666667,10800,20,90,1,n1130,90.0,76.48163
90.0,0.5,90.0,0.5,10800,60,39,5,n1142,90.0,76.48163
90.0,0.5,90.0,0.5,10800,60,46,5,n1143,90.0,76.48163
90.0,0.5,90.0,0.5,10800,60,51,5,n1144,90.0,76.48163
90.166664,0.16666667,90.166664,0.16666667,10820,20,92,1,n1131,90.0,76.48163
90.333336,0.16666667,90.333336,0.16666667,10840,20,90,1,n1132,90.0,76.48163
90.5,0.16666667,90.5,0.16666667,10860,20,78,1,n1133,90.0,76.48163
90.666664,0.16666667,90.666664,0.16666667,10880,20,80,1,n1134,90.0,76.48163
90.833336,0.16666667,90.833336,0.16666667,10900,20,78,1,n1135,90.0,76.48163
91.0,0.16666667,91.0,0.16666667,10920,20,92,1,n1136,91.0,77.07791
91.0,0.5,91.0,0.5,10920,60,37,5,n1146,91.0,77.07791
91.0,0.5,91.0,0.5,10920,60,41,5,n1147,91.0,77.07791
91.0,0.5,91.0,0.5,10920,60,47,5,n1148,91.0,77.07791
91.0,0.5,91.0,0.5,10920,60,49,5,n1149,91.0,77.07791
91.166664,0.16666667,91.166664,0.16666667,10940,20,94,1,n1137,91.0,77.07791
91.333336,0.16666667,91.333336,0.16666667,10960,20,92,1,n1138,91.0,77.07791
91.5,0.16666667,91.5,0.16666667,10980,20,80,1,n1139,91.0,77.07791
91.666664,0.16666667,91.666664,0.16666667,11000,20,82,1,n1140,91.0,77.07791
91.833336,0.16666667,91.833336,0.16666667,11020,20,80,1,n1141,91.0,77.07791
92.0,0.16666667,92.0,0.16666667,11040,20,95,1,n1151,92.0,77.70692
92.0,0.5,92.0,0.5,11040,60,42,5,n1163,92.0,77.70692
92.0,0.5,92.0,0.5,11040,60,46,5,n1164,92.0,77.70692
92.0,0.5,92.0,0.5,11040,60,49,5,n1165,92.0,77.70692
92.0,0.5,92.0,0.5,11040,60,54,5,n1166,92.0,77.70692
92.166664,0.16666667,92.166664,0.16666667,11060,20,94,1,n1152,92.0,77.70692
92.333336,0.16666667,92.333336,0.16666667,11080,20,82,1,n1153,92.0,77.70692
92.5,0.16666667,92.5,0.16666667,11100,20,94,1,n1154,92.0,77.70692
92.5,0.5,92.5,0.5,11100,60,44,5,n1167,92.0,77.70692
92.5,0.5,92.5,0.5,11100,60,47,5,n1168,92.0,77.70692
92.5,0.5,92.5,0.5,11100,60,53,5,n1169,92.0,77.70692
92.5,0.5,92.5,0.5,11100,60,56,5,n1170,92.0,77.70692
92.666664,0.16666667,92.666664,0.16666667,11120,20,92,1,n1155,92.0,77.70692
92.833336,0.16666667,92.833336,0.16666667,11140,20,80,1,n1156,92.0,77.70692
93.0,0.16666667,93.0,0.16666667,11160,20,92,1,n1157,93.0,78.35596
93.0,0.5,93.0,0.5,11160,60,46,5,n1171,93.0,78.35596
93.0,0.5,93.0,0.5,11160,60,51,5,n1172,93.0,78.35596
93.0,0.5,93.0,0.5,11160,60,54,5,n1173,93.0,78.35596
93.0,0.5,93.0,0.5,11160,60,58,5,n1174,93.0,78.35596
93.166664,0.16666667,93.166664,0.16666667,11180,20,90,1,n1158,93.0,78.35596
93.333336,0.16666667,93.333336,0.16666667,11200,20,78,1,n1159,93.0,78.35596
93.5,0.16666667,93.5,0.16666667,11220,20,90,1,n1160,93.0,78.35596
93.5,0.5,93.5,0.5,11220,60,46,5,n1175,93.0,78.35596
93.5,0.5,93.5,0.5,11220,60,50,5,n1176,93.0,78.35596
93.5,0.5,93.5,0.5,11220,60,56,5,n1177,93.0,78.35596
93.5,0.5,93.5,0.5,11220,60,58,5,n1178,93.0,78.35596
93.666664,0.16666667,93.666664,0.16666667,11240,20,89,1,n1161,93.0,78.35596
93.833336,0.16666667,93.833336,0.16666667,11260,20,77,1,n1162,93.0,78.35596
94.0,0.5,94.0,0.5,11280,60,75,1,n1179,94.0,79.10115
94.0,0.5,94.0,0.5,11280,60,87,1,n1180,94.0,79.10115
94.0,0.5,94.0,0.5,11280,60,51,5,n1182,94.0,79.10115
94.0,0.5,94.0,0.5,11280,60,54,5,n1183,94.0,79.10115
94.0,0.5,94.0,0.5,11280,60,63,5,n1184,94.0,79.10115
94.5,0.16666667,94.5,0.16666667,11340,20,57,5,n1185,94.0,79.10115
94.5,0.16666667,94.5,0.16666667,11340,20,66,5,n1186,94.0,79.10115
94.666664,0.16666667,94.666664,0.16666667,11360,20,60,5,n1187,94.0,79.10115
94.666664,0.16666667,94.666664,0.16666667,11360,20,63,5,n1188,94.0,79.10115
94.666664,0.16666667,94.666664,0.16666667,11360,20,68,5,n1189,94.0,79.10115
94.833336,0.16666667,94.833336,0.16666667,11380,20,57,5,n1190,94.0,79.10115
94.833336,0.16666667,94.833336,0.16666667,11380,20,66,5,n1191,94.0,79.10115
95.0,0.16666667,95.0,0.16666667,11400,20,60,5,n1192,95.0,79.73683
95.0,0.16666667,95.0,0.16666667,11400,20,63,5,n1193,95.0,79.73683
95.0,0.16666667,95.0,0.16666667,11400,20,65,5,n1194,95.0,79.73683
95.166664,0.16666667,95.166664,0.16666667,11420,20,57,5,n1195,95.0,79.73683
95.166664,0.16666667,95.166664,0.16666667,11420,20,66,5,n1196,95.0,79.73683
95.333336,0.16666667,95.333336,0.16666667,11440,20,60,5,n1197,95.0,79.73683
95.333336,0.16666667,95.333336,0.16666667,11440,20,63,5,n1198,95.0,79.73683
95.333336,0.16666667,95.333336,0.16666667,11440,20,65,5,n1199,95.0,79.73683
95.5,0.16666667,95.5,0.16666667,11460,20,57,5,n1200,95.0,79.73683
95.5,0.16666667,95.5,0.16666667,11460,20,66,5,n1201,95.0,79.73683
95.666664,0.16666667,95.666664,0.16666667,11480,20,60,5,n1202,95.0,79.73683
95.666664,0.16666667,95.666664,0.16666667,11480,20,63,5,n1203,95.0,79.73683
95.666664,0.16666667,95.666664,0.16666667,11480,20,68,5,n1204,95.0,79.73683
95.833336,0.16666667,95.833336,0.16666667,11500,20,57,5,n1205,95.0,79.73683
95.833336,0.16666667,95.833336,0.16666667,11500,20,66,5,n1206,95.0,79.73683
96.0,0.5,96.0,0.5,11520,60,60,1,n1207,96.0,80.259
96.0,0.5,96.0,0.5,11520,60,63,1,n1208,96.0,80.259
96.0,0.5,96.0,0.5,11520,60,69,1,n1209,96.0,80.259
96.5,0.16666667,96.5,0.16666667,11580,20,63,1,n1210,96.0,80.259
96.5,0.5,96.5,0.5,11580,60,39,5,n1220,96.0,80.259
96.5,0.5,96.5,0.5,11580,60,42,5,n1221,96.0,80.259
96.5,0.5,96.5,0.5,11580,60,45,5,n1222,96.0,80.259
96.5,0.5,96.5,0.5,11580,60,48,5,n1223,96.0,80.259
96.5,0.5,96.5,0.5,11580,60,51,5,n1224,96.0,80.259
96.666664,0.16666667,96.666664,0.16666667,11600,20,65,1,n1211,96.0,80.259
96.833336,0.16666667,96.833336,0.16666667,11620,20,63,1,n1212,96.0,80.259
97.0,0.16666667,97.0,0.16666667,11640,20,75,1,n1213,97.0,80.903366
97.0,0.5,97.0,0.5,11640,60,39,5,n1225,97.0,80.903366
97.0,0.5,97.0,0.5,11640,60,42,5,n1226,97.0,80.903366
97.0,0.5,97.0,0.5,11640,60,45,5,n1227,97.0,80.903366
97.0,0.5,97.0,0.5,11640,60,48,5,n1228,97.0,80.903366
97.0,0.5,97.0,0.5,11640,60,51,5,n1229,97.0,80.903366
97.166664,0.16666667,97.166664,0.16666667,11660,20,77,1,n1214,97.0,80.903366
97.333336,0.16666667,97.333336,0.16666667,11680,20,75,1,n1215,97.0,80.903366
97.5,0.16666667,97.5,0.16666667,11700,20,87,1,n1216,97.0,80.903366
97.5,0.5,97.5,0.5,11700,60,39,5,n1230,97.0,80.903366
97.5,0.5,97.5,0.5,11700,60,42,5,n1231,97.0,80.903366
97.5,0.5,97.5,0.5,11700,60,45,5,n1232,97.0,80.903366
97.5,0.5,97.5,0.5,11700,60,48,5,n1233,97.0,80.903366
97.5,0.5,97.5,0.5,11700,60,51,5,n1234,97.0,80.903366
97.666664,0.16666667,97.666664,0.16666667,11720,20,89,1,n1217,97.0,80.903366
97.833336,0.16666667,97.833336,0.16666667,11740,20,87,1,n1218,97.0,80.903366
98.0,0.5,98.0,0.5,11760,60,90,1,n1235,98.0,81.63454
98.0,0.5,98.0,0.5,11760,60,39,5,n1237,98.0,81.63454
98.0,0.5,98.0,0.5,11760,60,42,5,n1238,98.0,81.63454
98.0,0.5,98.0,0.5,11760,60,46,5,n1239,98.0,81.63454
98.0,0.5,98.0,0.5,11760,60,51,5,n1240,98.0,81.63454
98.5,0.16666667,98.5,0.16666667,11820,20,57,5,n1241,98.0,81.63454
98.5,0.16666667,98.5,0.16666667,11820,20,66,5,n1242,98.0,81.63454
98.666664,0.16666667,98.666664,0.16666667,11840,20,60,5,n1243,98.0,81.63454
98.666664,0.16666667,98.666664,0.16666667,11840,20,63,5,n1244,98.0,81.63454
98.666664,0.16666667,98.666664,0.16666667,11840,20,68,5,n1245,98.0,81.63454
98.833336,0.16666667,98.833336,0.16666667,11860,20,57,5,n1246,98.0,81.63454
98.833336,0.16666667,98.833336,0.16666667,11860,20,66,5,n1247,98.0,81.63454
99.0,0.16666667,99.0,0.16666667,11880,20,60,5,n1248,99.0,82.42113
99.0,0.16666667,99.0,0.16666667,11880,20,63,5,n1249,99.0,82.42113
99.0,0.16666667,99.0,0.16666667,11880,20,65,5,n1250,99.0,82.42113
99.166664,0.16666667,99.166664,0.16666667,11900,20,57,5,n1251,99.0,82.42113
99.166664,0.16666667,99.166664,0.16666667,11900,20,66,5,n1252,99.0,82.42113
99.333336,0.16666667,99.333336,0.16666667,11920,20,60,5,n1253,99.0,82.42113
99.333336,0.16666667,99.333336,0.16666667,11920,20,63,5,n1254,99.0,82.42113
99.333336,0.16666667,99.333336,0.16666667,11920,20,65,5,n1255,99.0,82.42113
99.5,0.16666667,99.5,0.16666667,11940,20,57,5,n1256,99.0,82.42113
99.5,0.16666667,99.5,0.16666667,11940,20,66,5,n1257,99.0,82.42113
99.666664,0.16666667,99.666664,0.16666667,11960,20,60,5,n1258,99.0,82.42113
99.666664,0.16666667,99.666664,0.16666667,11960,20,63,5,n1259,99.0,82.42113
99.666664,0.16666667,99.666664,0.16666667,11960,20,68,5,n1260,99.0,82.42113
99.833336,0.16666667,99.833336,0.16666667,11980,20,57,5,n1261,99.0,82.42113
99.833336,0.16666667,99.833336,0.16666667,11980,20,66,5,n1262,99.0,82.42113
100.0,0.5,100.0,0.5,12000,60,60,1,n1263,100.0,82.941956
100.0,0.5,100.0,0.5,12000,60,63,1,n1264,100.0,82.941956
100.0,0.5,100.0,0.5,12000,60,69,1,n1265,100.0,82.941956
100.5,0.16666667,100.5,0.16666667,12060,20,63,1,n1266,100.0,82.941956
100.5,0.5,100.5,0.5,12060,60,39,5,n1276,100.0,82.941956
100.5,0.5,100.5,0.5,12060,60,45,5,n1277,100.0,82.941956
100.5,0.5,100.5,0.5,12060,60,48,5,n1278,100.0,82.941956
100.5,0.5,100.5,0.5,12060,60,51,5,n1279,100.0,82.941956
100.666664,0.16666667,100.666664,0.16666667,12080,20,65,1,n1267,100.0,82.941956
100.833336,0.16666667,100.833336,0.16666667,12100,20,63,1,n1268,100.0,82.941956
101.0,0.16666667,101.0,0.16666667,12120,20,75,1,n1269,101.0,83.580315
101.0,0.5,101.0,0.5,12120,60,39,5,n1280,101.0,83.580315
101.0,0.5,101.0,0.5,12120,60,45,5,n1281,101.0,83.580315
101.0,0.5,101.0,0.5,12120,60,48,5,n1282,101.0,83.580315
101.0,0.5,101.0,0.5,12120,60,51,5,n1283,101.0,83.580315
101.166664,0.16666667,101.166664,0.16666667,12140,20,77,1,n1270,101.0,83.580315
101.333336,0.16666667,101.333336,0.16666667,12160,20,75,1,n1271,101.0,83.580315
101.5,0.16666667,101.5,0.16666667,12180,20,87,1,n1272,101.0,83.580315
101.5,0.5,101.5,0.5,12180,60,39,5,n1284,101.0,83.580315
101.5,0.5,101.5,0.5,12180,60,45,5,n1285,101.0,83.580315
101.5,0.5,101.5,0.5,12180,60,48,5,n1286,101.0,83.580315
101.5,0.5,101.5,0.5,12180,60,51,5,n1287,101.0,83.580315
101.666664,0.16666667,101.666664,0.16666667,12200,20,89,1,n1273,101.0,83.580315
101.833336,0.16666667,101.833336,0.16666667,12220,20,87,1,n1274,101.0,83.580315
102.0,0.16666667,102.0,0.16666667,12240,20,99,1,n1288,102.0,84.25739
102.0,0.5,102.0,0.5,12240,60,39,5,n1300,102.0,84.25739
102.0,0.5,102.0,0.5,12240,60,42,5,n1301,102.0,84.25739
102.0,0.5,102.0,0.5,12240,60,46,5,n1302,102.0,84.25739
102.0,0.5,102.0,0.5,12240,60,51,5,n1303,102.0,84.25739
102.166664,0.16666667,102.166664,0.16666667,12260,20,101,1,n1289,102.0,84.25739
102.333336,0.16666667,102.333336,0.16666667,12280,20,99,1,n1290,102.0,84.25739
102.5,0.16666667,102.5,0.16666667,12300,20,87,1,n1291,102.0,84.25739
102.666664,0.16666667,102.666664,0.16666667,12320,20,89,1,n1292,102.0,84.25739
102.833336,0.16666667,102.833336,0.16666667,12340,20,87,1,n1293,102.0,84.25739
103.0,0.16666667,103.0,0.16666667,12360,20,97,1,n1294,103.0,84.91845
103.0,0.5,103.0,0.5,12360,60,41,5,n1305,103.0,84.91845
103.0,0.5,103.0,0.5,12360,60,44,5,n1306,103.0,84.91845
103.0,0.5,103.0,0.5,12360,60,49,5,n1307,103.0,84.91845
103.0,0.5,103.0,0.5,12360,60,53,5,n1308,103.0,84.91845
103.166664,0.16666667,103.166664,0.16666667,12380,20,99,1,n1295,103.0,84.91845
103.333336,0.16666667,103.333336,0.16666667,12400,20,97,1,n1296,103.0,84.91845
103.5,0.16666667,103.5,0.16666667,12420,20,85,1,n1297,103.0,84.91845
103.666664,0.16666667,103.666664,0.16666667,12440,20,87,1,n1298,103.0,84.91845
103.833336,0.16666667,103.833336,0.16666667,12460,20,85,1,n1299,103.0,84.91845
104.0,0.16666667,104.0,0.16666667,12480,20,95,1,n1310,104.0,85.563484
104.0,0.5,104.0,0.5,12480,60,42,5,n1322,104.0,85.563484
104.0,0.5,104.0,0.5,12480,60,46,5,n1323,104.0,85.563484
104.0,0.5,104.0,0.5,12480,60,49,5,n1324,104.0,85.563484
104.0,0.5,104.0,0.5,12480,60,54,5,n1325,104.0,85.563484
104.166664,0.16666667,104.166664,0.16666667,12500,20,94,1,n1311,104.0,85.563484
104.333336,0.16666667,104.333336,0.16666667,12520,20,82,1,n1312,104.0,85.563484
104.5,0.16666667,104.5,0.16666667,12540,20,94,1,n1313,104.0,85.563484
104.5,0.5,104.5,0.5,12540,60,44,5,n1326,104.0,85.563484
104.5,0.5,104.5,0.5,12540,60,47,5,n1327,104.0,85.563484
104.5,0.5,104.5,0.5,12540,60,53,5,n1328,104.0,85.563484
104.5,0.5,104.5,0.5,12540,60,56,5,n1329,104.0,85.563484
104.666664,0.16666667,104.666664,0.16666667,12560,20,92,1,n1314,104.0,85.563484
104.833336,0.16666667,104.833336,0.16666667,12580,20,80,1,n1315,104.0,85.563484
105.0,0.16666667,105.0,0.16666667,12600,20,92,1,n1316,105.0,86.28597
105.0,0.5,105.0,0.5,12600,60,46,5,n1330,105.0,86.28597
105.0,0.5,105.0,0.5,12600,60,51,5,n1331,105.0,86.28597
105.0,0.5,105.0,0.5,12600,60,54,5,n1332,105.0,86.28597
105.0,0.5,105.0,0.5,12600,60,58,5,n1333,105.0,86.28597
105.166664,0.16666667,105.166664,0.16666667,12620,20,90,1,n1317,105.0,86.28597
105.333336,0.16666667,105.333336,0.16666667,12640,20,78,1,n1318,105.0,86.28597
105.5,0.16666667,105.5,0.16666667,12660,20,90,1,n1319,105.0,86.28597
105.5,0.5,105.5,0.5,12660,60,46,5,n1334,105.0,86.28597
105.5,0.5,105.5,0.5,12660,60,50,5,n1335,105.0,86.28597
105.5,0.5,105.5,0.5,12660,60,56,5,n1336,105.0,86.28597
105.5,0.5,105.5,0.5,12660,60,58,5,n1337,105.0,86.28597
105.666664,0.16666667,105.666664,0.16666667,12680,20,89,1,n1320,105.0,86.28597
105.833336,0.16666667,105.833336,0.16666667,12700,20,77,1,n1321,105.0,86.28597
106.0,0.16666667,106.0,0.16666667,12720,20,63,1,n1338,106.0,87.24551
106.0,1.0,106.0,1.0,12720,120,63,2,n1351,106.0,87.24551
106.0,1.0,106.0,1.0,12720,120,51,5,n1354,106.0,87.24551
106.0,0.5,106.0,0.5,12720,60,39,6,n1358,106.0,87.24551
106.0,0.5,106.0,0.5,12720,60,42,6,n1359,106.0,87.24551
106.0,0.5,106.0,0.5,12720,60,46,6,n1360,106.0,87.24551
106.166664,0.16666667,106.166664,0.16666667,12740,20,66,1,n1339,106.0,87.24551
106.166664,0.16666667,106.166664,0.16666667,12740,20,75,1,n1340,106.0,87.24551
106.333336,0.16666667,106.333336,0.16666667,12760,20,70,1,n1341,106.0,87.24551
106.5,0.16666667,106.5,0.16666667,12780,20,75,1,n1342,106.0,87.24551
106.666664,0.16666667,106.666664,0.16666667,12800,20,78,1,n1343,106.0,87.24551
106.666664,0.16666667,106.666664,0.16666667,12800,20,87,1,n1344,106.0,87.24551
106.833336,0.16666667,106.833336,0.16666667,12820,20,82,1,n1345,106.0,87.24551
107.0,0.16666667,107.0,0.16666667,12840,20,87,1,n1346,107.0,88.27715
107.0,0.5,107.0,0.5,12840,60,75,2,n1352,107.0,88.27715
107.0,0.5,107.0,0.5,12840,60,51,5,n1355,107.0,88.27715
107.166664,0.16666667,107.166664,0.16666667,12860,20,90,1,n1347,107.0,88.27715
107.166664,0.16666667,107.166664,0.16666667,12860,20,99,1,n1348,107.0,88.27715
107.333336,0.16666667,107.333336,0.16666667,12880,20,94,1,n1349,107.0,88.27715
107.75,0.25,107.75,0.25,12930,30,63,2,n1353,107.0,88.27715
107.75,0.25,107.75,0.25,12930,30,51,5,n1357,107.0,88.27715
108.0,0.16666667,108.0,0.16666667,12960,20,62,1,n1361,108.0,89.42299
108.0,1.5,108.0,1.5,12960,180,62,2,n1374,108.0,89.42299
108.0,1.5,108.0,1.5,12960,180,50,5,n1375,108.0,89.42299
108.0,0.5,108.0,0.5,12960,60,39,6,n1378,108.0,89.42299
108.0,0.5,108.0,0.5,12960,60,41,6,n1379,108.0,89.42299
108.0,0.5,108.0,0.5,12960,60,44,6,n1380,108.0,89.42299
108.0,0.5,108.0,0.5,12960,60,47,6,n1381,108.0,89.42299
108.166664,0.16666667,108.166664,0.16666667,12980,20,65,1,n1362,108.0,89.42299
108.166664,0.16666667,108.166664,0.16666667,12980,20,74,1,n1363,108.0,89.42299
108.333336,0.16666667,108.333336,0.16666667,13000,20,68,1,n1364,108.0,89.42299
108.5,0.16666667,108.5,0.16666667,13020,20,74,1,n1365,108.0,89.42299
108.666664,0.16666667,108.666664,0.16666667,13040,20,77,1,n1366,108.0,89.42299
108.666664,0.16666667,108.666664,0.16666667,13040,20,86,1,n1367,108.0,89.42299
108.833336,0.16666667,108.833336,0.16666667,13060,20,80,1,n1368,108.0,89.42299
109.0,0.16666667,109.0,0.16666667,13080,20,86,1,n1369,109.0,90.13747
109.166664,0.16666667,109.166664,0.16666667,13100,20,89,1,n1370,109.0,90.13747
109.166664,0.16666667,109.166664,0.16666667,13100,20,98,1,n1371,109.0,90.13747
109.333336,0.16666667,109.333336,0.16666667,13120,20,92,1,n1372,109.0,90.13747
109.5,0.5,109.5,0.5,13140,60,50,5,n1376,109.0,90.13747
109.5,0.5,109.5,0.5,13140,60,62,5,n1377,109.0,90.13747
110.0,0.16666667,110.0,0.16666667,13200,20,61,1,n1382,110.0,90.71906
110.0,0.5,110.0,0.5,13200,60,61,2,n1395,110.0,90.71906
110.0,0.5,110.0,0.5,13200,60,49,5,n1396,110.0,90.71906
110.0,0.5,110.0,0.5,13200,60,39,6,n1403,110.0,90.71906
110.0,0.5,110.0,0.5,13200,60,43,6,n1404,110.0,90.71906
110.0,0.5,110.0,0.5,13200,60,46,6,n1405,110.0,90.71906
110.166664,0.16666667,110.166664,0.16666667,13220,20,64,1,n1383,110.0,90.71906
110.166664,0.16666667,110.166664,0.16666667,13220,20,73,1,n1384,110.0,90.71906
110.333336,0.16666667,110.333336,0.16666667,13240,20,67,1,n1385,110.0,90.71906
110.5,0.16666667,110.5,0.16666667,13260,20,73,1,n1386,110.0,90.71906
110.5,0.5,110.5,0.5,13260,60,49,5,n1397,110.0,90.71906
110.5,0.5,110.5,0.5,13260,60,61,5,n1398,110.0,90.71906
110.666664,0.16666667,110.666664,0.16666667,13280,20,76,1,n1387,110.0,90.71906
110.666664,0.16666667,110.666664,0.16666667,13280,20,85,1,n1388,110.0,90.71906
110.833336,0.16666667,110.833336,0.16666667,13300,20,79,1,n1389,110.0,90.71906
111.0,0.16666667,111.0,0.16666667,13320,20,85,1,n1390,111.0,91.5771
111.0,0.5,111.0,0.5,13320,60,51,5,n1399,111.0,91.5771
111.0,0.5,111.0,0.5,13320,60,63,5,n1400,111.0,91.5771
111.166664,0.16666667,111.166664,0.16666667,13340,20,88,1,n1391,111.0,91.5771
111.166664,0.16666667,111.166664,0.16666667,13340,20,97,1,n1392,111.0,91.5771
111.333336,0.16666667,111.333336,0.16666667,13360,20,91,1,n1393,111.0,91.5771
111.5,0.5,111.5,0.5,13380,60,52,5,n1401,111.0,91.5771
111.5,0.5,111.5,0.5,13380,60,64,5,n1402,111.0,91.5771
112.0,0.16666667,112.0,0.16666667,13440,20,60,1,n1406,112.0,92.228806
112.0,0.75,112.0,0.75,13440,90,66,5,n1418,112.0,92.228806
112.0,0.75,112.0,0.75,13440,90,54,6,n1423,112.0,92.228806
112.0,0.5,112.0,0.5,13440,60,39,7,n1424,112.0,92.228806
112.0,0.5,112.0,0.5,13440,60,45,7,n1425,112.0,92.228806
112.0,0.5,112.0,0.5,13440,60,48,7,n1426,112.0,92.228806
112.166664,0.16666667,112.166664,0.16666667,13460,20,72,1,n1407,112.0,92.228806
112.333336,0.16666667,112.333336,0.16666667,13480,20,63,1,n1408,112.0,92.228806
112.5,0.16666667,112.5,0.16666667,13500,20,72,1,n1409,112.0,92.228806
112.666664,0.16666667,112.666664,0.16666667,13520,20,75,1,n1410,112.0,92.228806
112.666664,0.16666667,112.666664,0.16666667,13520,20,84,1,n1411,112.0,92.228806
112.75,0.25,112.75,0.25,13530,30,51,5,n1419,112.0,92.228806
112.75,0.25,112.75,0.25,13530,30,63,5,n1420,112.0,92.228806
112.833336,0.16666667,112.833336,0.16666667,13540,20,78,1,n1412,112.0,92.228806
113.0,0.16666667,113.0,0.16666667,13560,20,84,1,n1413,113.0,92.95797
113.0,1.0,113.0,1.0,13560,120,48,5,n1421,113.0,92.95797
113.0,1.0,113.0,1.0,13560,120,60,5,n1422,113.0,92.95797
113.166664,0.16666667,113.166664,0.16666667,13580,20,87,1,n1414,113.0,92.95797
113.166664,0.16666667,113.166664,0.16666667,13580,20,96,1,n1415,113.0,92.95797
113.333336,0.16666667,113.333336,0.16666667,13600,20,90,1,n1416,113.0,92.95797
114.0,0.16666667,114.0,0.16666667,13680,20,59,1,n1427,114.0,93.87811
114.0,1.0,114.0,1.0,13680,120,59,2,n1440,114.0,93.87811
114.0,1.0,114.0,1.0,13680,120,47,5,n1443,114.0,93.87811
114.0,0.5,114.0,0.5,13680,60,38,6,n1447,114.0,93.87811
114.0,0.5,114.0,0.5,13680,60,41,6,n1448,114.0,93.87811
114.0,0.5,114.0,0.5,13680,60,44,6,n1449,114.0,93.87811
114.166664,0.16666667,114.166664,0.16666667,13700,20,62,1,n1428,114.0,93.87811
114.166664,0.16666667,114.166664,0.16666667,13700,20,71,1,n1429,114.0,93.87811
114.333336,0.16666667,114.333336,0.16666667,13720,20,65,1,n1430,114.0,93.87811
114.5,0.16666667,114.5,0.16666667,13740,20,71,1,n1431,114.0,93.87811
114.666664,0.16666667,114.666664,0.16666667,13760,20,74,1,n1432,114.0,93.87811
114.666664,0.16666667,114.666664,0.16666667,13760,20,83,1,n1433,114.0,93.87811
114.833336,0.16666667,114.833336,0.16666667,13780,20,77,1,n1434,114.0,93.87811
115.0,0.16666667,115.0,0.16666667,13800,20,83,1,n1435,115.0,94.65602
115.0,0.5,115.0,0.5,13800,60,71,2,n1441,115.0,94.65602
115.0,0.5,115.0,0.5,13800,60,47,5,n1444,115.0,94.65602
115.166664,0.16666667,115.166664,0.16666667,13820,20,86,1,n1436,115.0,94.65602
115.166664,0.16666667,115.166664,0.16666667,13820,20,95,1,n1437,115.0,94.65602
115.333336,0.16666667,115.333336,0.16666667,13840,20,89,1,n1438,115.0,94.65602
115.75,0.25,115.75,0.25,13890,30,59,2,n1442,115.0,94.65602
115.75,0.25,115.75,0.25,13890,30,47,5,n1446,115.0,94.65602
116.0,0.16666667,116.0,0.16666667,13920,20,58,1,n1450,116.0,95.610214
116.0,1.5,116.0,1.5,13920,180,58,2,n1463,116.0,95.610214
116.0,1.5,116.0,1.5,13920,180,46,5,n1464,116.0,95.610214
116.0,0.5,116.0,0.5,13920,60,37,6,n1467,116.0,95.610214
116.0,0.5,116.0,0.5,13920,60,40,6,n1468,116.0,95.610214
116.0,0.5,116.0,0.5,13920,60,43,6,n1469,116.0,95.610214
116.166664,0.16666667,116.166664,0.16666667,13940,20,61,1,n1451,116.0,95.610214
116.166664,0.16666667,116.166664,0.16666667,13940,20,70,1,n1452,116.0,95.610214
116.333336,0.16666667,116.333336,0.16666667,13960,20,64,1,n1453,116.0,95.610214
116.5,0.16666667,116.5,0.16666667,13980,20,70,1,n1454,116.0,95.610214
116.666664,0.16666667,116.666664,0.16666667,14000,20,73,1,n1455,116.0,95.610214
116.666664,0.16666667,116.666664,0.16666667,14000,20,82,1,n1456,116.0,95.610214
116.833336,0.16666667,116.833336,0.16666667,14020,20,76,1,n1457,116.0,95.610214
117.0,0.16666667,117.0,0.16666667,14040,20,82,1,n1458,117.0,96.34606
117.166664,0.16666667,117.166664,0.16666667,14060,20,85,1,n1459,117.0,96.34606
117.166664,0.16666667,117.166664,0.16666667,14060,20,94,1,n1460,117.0,96.34606
117.333336,0.16666667,117.333336,0.16666667,14080,20,88,1,n1461,117.0,96.34606
117.5,0.5,117.5,0.5,14100,60,46,5,n1465,117.0,96.34606
117.5,0.5,117.5,0.5,14100,60,58,5,n1466,117.0,96.34606
118.0,0.16666667,118.0,0.16666667,14160,20,57,1,n1470,118.0,96.95837
118.0,1.5,118.0,1.5,14160,180,57,2,n1483,118.0,96.95837
118.0,0.5,118.0,0.5,14160,60,45,5,n1484,118.0,96.95837
118.0,0.5,118.0,0.5,14160,60,36,6,n1491,118.0,96.95837
118.0,0.5,118.0,0.5,14160,60,39,6,n1492,118.0,96.95837
118.0,0.5,118.0,0.5,14160,60,42,6,n1493,118.0,96.95837
118.166664,0.16666667,118.166664,0.16666667,14180,20,60,1,n1471,118.0,96.95837
118.166664,0.16666667,118.166664,0.16666667,14180,20,69,1,n1472,118.0,96.95837
118.333336,0.16666667,118.333336,0.16666667,14200,20,63,1,n1473,118.0,96.95837
118.5,0.16666667,118.5,0.16666667,14220,20,69,1,n1474,118.0,96.95837
118.5,0.5,118.5,0.5,14220,60,45,5,n1485,118.0,96.95837
118.5,0.5,118.5,0.5,14220,60,57,5,n1486,118.0,96.95837
118.666664,0.16666667,118.666664,0.16666667,14240,20,72,1,n1475,118.0,96.95837
118.666664,0.16666667,118.666664,0.16666667,14240,20,81,1,n1476,118.0,96.95837
118.833336,0.16666667,118.833336,0.16666667,14260,20,75,1,n1477,118.0,96.95837
119.0,0.16666667,119.0,0.16666667,14280,20,81,1,n1478,119.0,97.77501
119.0,0.5,119.0,0.5,14280,60,46,5,n1487,119.0,97.77501
119.0,0.5,119.0,0.5,14280,60,58,5,n1488,119.0,97.77501
119.166664,0.16666667,119.166664,0.16666667,14300,20,84,1,n1479,119.0,97.77501
119.166664,0.16666667,119.166664,0.16666667,14300,20,93,1,n1480,119.0,97.77501
119.333336,0.16666667,119.333336,0.16666667,14320,20,87,1,n1481,119.0,97.77501
119.5,0.5,119.5,0.5,14340,60,48,5,n1489,119.0,97.77501
119.5,0.5,119.5,0.5,14340,60,60,5,n1490,119.0,97.77501
120.0,0.16666667,120.0,0.16666667,14400,20,50,5,n1504,120.0,98.84272
120.0,0.5,120.0,0.5,14400,60,35,6,n1518,120.0,98.84272
120.166664,0.16666667,120.166664,0.16666667,14420,20,47,5,n1505,120.0,98.84272
120.333336,0.16666667,120.333336,0.16666667,14440,20,43,5,n1506,120.0,98.84272
120.5,0.33333334,120.5,0.33333334,14460,40,54,1,n1495,120.0,98.84272
120.5,0.33333334,120.5,0.33333334,14460,40,66,1,n1496,120.0,98.84272
120.5,0.16666667,120.5,0.16666667,14460,20,54,5,n1507,120.0,98.84272
120.666664,0.16666667,120.666664,0.16666667,14480,20,59,5,n1508,120.0,98.84272
120.666664,0.16666667,120.666664,0.16666667,14480,20,62,5,n1509,120.0,98.84272
120.833336,0.16666667,120.833336,0.16666667,14500,20,55,1,n1497,120.0,98.84272
120.833336,0.16666667,120.833336,0.16666667,14500,20,67,1,n1498,120.0,98.84272
120.833336,0.16666667,120.833336,0.16666667,14500,20,55,5,n1510,120.0,98.84272
121.0,0.16666667,121.0,0.16666667,14520,20,62,5,n1511,121.0,99.61529
121.0,0.5,121.0,0.5,14520,60,47,6,n1519,121.0,99.61529
121.166664,0.16666667,121.166664,0.16666667,14540,20,59,5,n1512,121.0,99.61529
121.333336,0.16666667,121.333336,0.16666667,14560,20,55,5,n1513,121.0,99.61529
121.5,0.33333334,121.5,0.33333334,14580,40,68,1,n1500,121.0,99.61529
121.5,0.33333334,121.5,0.33333334,14580,40,80,1,n1501,121.0,99.61529
121.5,0.16666667,121.5,0.16666667,14580,20,68,5,n1514,121.0,99.61529
121.666664,0.16666667,121.666664,0.16666667,14600,20,71,5,n1515,121.0,99.61529
121.666664,0.16666667,121.666664,0.16666667,14600,20,74,5,n1516,121.0,99.61529
121.833336,0.16666667,121.833336,0.16666667,14620,20,67,1,n1502,121.0,99.61529
121.833336,0.16666667,121.833336,0.16666667,14620,20,79,1,n1503,121.0,99.61529
121.833336,0.16666667,121.833336,0.16666667,14620,20,67,5,n1517,121.0,99.61529
122.0,0.16666667,122.0,0.16666667,14640,20,36,5,n1531,122.0,100.66496
122.166664,0.16666667,122.166664,0.16666667,14660,20,48,5,n1532,122.0,100.66496
122.333336,0.33333334,122.333336,0.33333334,14680,40,66,1,n1521,122.0,100.66496
122.333336,0.33333334,122.333336,0.33333334,14680,40,78,1,n1522,122.0,100.66496
122.333336,0.16666667,122.333336,0.16666667,14680,20,43,5,n1533,122.0,100.66496
122.5,0.16666667,122.5,0.16666667,14700,20,51,5,n1534,122.0,100.66496
122.666664,0.33333334,122.666664,0.33333334,14720,40,68,1,n1523,122.0,100.66496
122.666664,0.33333334,122.666664,0.33333334,14720,40,80,1,n1524,122.0,100.66496
122.666664,0.16666667,122.666664,0.16666667,14720,20,48,5,n1535,122.0,100.66496
122.833336,0.16666667,122.833336,0.16666667,14740,20,55,5,n1536,122.0,100.66496
123.0,0.33333334,123.0,0.33333334,14760,40,67,1,n1525,123.0,101.33136
123.0,0.33333334,123.0,0.33333334,14760,40,79,1,n1526,123.0,101.33136
123.0,0.16666667,123.0,0.16666667,14760,20,51,5,n1537,123.0,101.33136
123.166664,0.16666667,123.166664,0.16666667,14780,20,60,5,n1538,123.0,101.33136
123.333336,0.33333334,123.333336,0.33333334,14800,40,75,1,n1527,123.0,101.33136
123.333336,0.33333334,123.333336,0.33333334,14800,40,87,1,n1528,123.0,101.33136
123.333336,0.16666667,123.333336,0.16666667,14800,20,55,5,n1539,123.0,101.33136
123.5,0.16666667,123.5,0.16666667,14820,20,63,5,n1540,123.0,101.33136
123.666664,0.33333334,123.666664,0.33333334,14840,40,72,1,n1529,123.0,101.33136
123.666664,0.33333334,123.666664,0.33333334,14840,40,84,1,n1530,123.0,101.33136
123.666664,0.16666667,123.666664,0.16666667,14840,20,51,5,n1541,123.0,101.33136
123.833336,0.16666667,123.833336,0.16666667,14860,20,60,5,n1542,123.0,101.33136
124.0,0.16666667,124.0,0.16666667,14880,20,53,5,n1553,124.0,102.47586
124.0,0.5,124.0,0.5,14880,60,38,6,n1567,124.0,102.47586
124.166664,0.16666667,124.166664,0.16666667,14900,20,47,5,n1554,124.0,102.47586
124.333336,0.16666667,124.333336,0.16666667,14920,20,43,5,n1555,124.0,102.47586
124.5,0.33333334,124.5,0.33333334,14940,40,54,1,n1544,124.0,102.47586
124.5,0.33333334,124.5,0.33333334,14940,40,66,1,n1545,124.0,102.47586
124.5,0.16666667,124.5,0.16666667,14940,20,54,5,n1556,124.0,102.47586
124.666664,0.16666667,124.666664,0.16666667,14960,20,59,5,n1557,124.0,102.47586
124.666664,0.16666667,124.666664,0.16666667,14960,20,62,5,n1558,124.0,102.47586
124.833336,0.16666667,124.833336,0.16666667,14980,20,55,1,n1546,124.0,102.47586
124.833336,0.16666667,124.833336,0.16666667,14980,20,67,1,n1547,124.0,102.47586
124.833336,0.16666667,124.833336,0.16666667,14980,20,55,5,n1559,124.0,102.47586
125.0,0.16666667,125.0,0.16666667,15000,20,65,5,n1560,125.0,103.13425
125.0,0.5,125.0,0.5,15000,60,50,6,n1568,125.0,103.13425
125.166664,0.16666667,125.166664,0.16666667,15020,20,59,5,n1561,125.0,103.13425
125.333336,0.16666667,125.333336,0.16666667,15040,20,55,5,n1562,125.0,103.13425
125.5,0.33333334,125.5,0.33333334,15060,40,68,1,n1549,125.0,103.13425
125.5,0.33333334,125.5,0.33333334,15060,40,80,1,n1550,125.0,103.13425
125.5,0.16666667,125.5,0.16666667,15060,20,68,5,n1563,125.0,103.13425
125.666664,0.16666667,125.666664,0.16666667,15080,20,71,5,n1564,125.0,103.13425
125.666664,0.16666667,125.666664,0.16666667,15080,20,74,5,n1565,125.0,103.13425
125.833336,0.16666667,125.833336,0.16666667,15100,20,67,1,n1551,125.0,103.13425
125.833336,0.16666667,125.833336,0.16666667,15100,20,79,1,n1552,125.0,103.13425
125.833336,0.16666667,125.833336,0.16666667,15100,20,67,5,n1566,125.0,103.13425
126.0,0.16666667,126.0,0.16666667,15120,20,40,5,n1580,126.0,104.01165
126.166664,0.16666667,126.166664,0.16666667,15140,20,52,5,n1581,126.0,104.01165
126.333336,0.33333334,126.333336,0.33333334,15160,40,71,1,n1570,126.0,104.01165
126.333336,0.33333334,126.333336,0.33333334,15160,40,83,1,n1571,126.0,104.01165
126.333336,0.16666667,126.333336,0.16666667,15160,20,48,5,n1582,126.0,104.01165
126.5,0.16666667,126.5,0.16666667,15180,20,55,5,n1583,126.0,104.01165
126.666664,0.33333334,126.666664,0.33333334,15200,40,73,1,n1572,126.0,104.01165
126.666664,0.33333334,126.666664,0.33333334,15200,40,85,1,n1573,126.0,104.01165
126.666664,0.16666667,126.666664,0.16666667,15200,20,52,5,n1584,126.0,104.01165
126.833336,0.16666667,126.833336,0.16666667,15220,20,60,5,n1585,126.0,104.01165
127.0,0.33333334,127.0,0.33333334,15240,40,72,1,n1574,127.0,104.65401
127.0,0.33333334,127.0,0.33333334,15240,40,84,1,n1575,127.0,104.65401
127.0,0.16666667,127.0,0.16666667,15240,20,55,5,n1586,127.0,104.65401
127.166664,0.16666667,127.166664,0.16666667,15260,20,64,5,n1587,127.0,104.65401
127.333336,0.33333334,127.333336,0.33333334,15280,40,79,1,n1576,127.0,104.65401
127.333336,0.33333334,127.333336,0.33333334,15280,40,91,1,n1577,127.0,104.65401
127.333336,0.16666667,127.333336,0.16666667,15280,20,60,5,n1588,127.0,104.65401
127.5,0.16666667,127.5,0.16666667,15300,20,67,5,n1589,127.0,104.65401
127.666664,0.33333334,127.666664,0.33333334,15320,40,76,1,n1578,127.0,104.65401
127.666664,0.33333334,127.666664,0.33333334,15320,40,88,1,n1579,127.0,104.65401
127.666664,0.16666667,127.666664,0.16666667,15320,20,55,5,n1590,127.0,104.65401
127.833336,0.16666667,127.833336,0.16666667,15340,20,64,5,n1591,127.0,104.65401
128.0,0.16666667,128.0,0.16666667,15360,20,56,5,n1602,128.0,105.760445
128.0,0.5,128.0,0.5,15360,60,41,6,n1616,128.0,105.760445
128.16667,0.16666667,128.16667,0.16666667,15380,20,53,5,n1603,128.0,105.760445
128.33333,0.16666667,128.33333,0.16666667,15400,20,48,5,n1604,128.0,105.760445
128.5,0.33333334,128.5,0.33333334,15420,40,59,1,n1593,128.0,105.760445
128.5,0.33333334,128.5,0.33333334,15420,40,71,1,n1594,128.0,105.760445
128.5,0.16666667,128.5,0.16666667,15420,20,59,5,n1605,128.0,105.760445
128.66667,0.16666667,128.66667,0.16666667,15440,20,65,5,n1606,128.0,105.760445
128.66667,0.16666667,128.66667,0.16666667,15440,20,68,5,n1607,128.0,105.760445
128.83333,0.16666667,128.83333,0.16666667,15460,20,60,1,n1595,128.0,105.760445
128.83333,0.16666667,128.83333,0.16666667,15460,20,72,1,n1596,128.0,105.760445
128.83333,0.16666667,128.83333,0.16666667,15460,20,60,5,n1608,128.0,105.760445
129.0,0.16666667,129.0,0.16666667,15480,20,58,5,n1609,129.0,106.43218
129.0,0.5,129.0,0.5,15480,60,43,6,n1617,129.0,106.43218
129.16667,0.16666667,129.16667,0.16666667,15500,20,52,5,n1610,129.0,106.43218
129.33333,0.16666667,129.33333,0.16666667,15520,20,48,5,n1611,129.0,106.43218
129.5,0.33333334,129.5,0.33333334,15540,40,73,1,n1598,129.0,106.43218
129.5,0.33333334,129.5,0.33333334,15540,40,85,1,n1599,129.0,106.43218
129.5,0.16666667,129.5,0.16666667,15540,20,73,5,n1612,129.0,106.43218
129.66667,0.16666667,129.66667,0.16666667,15560,20,76,5,n1613,129.0,106.43218
129.66667,0.16666667,129.66667,0.16666667,15560,20,79,5,n1614,129.0,106.43218
129.83333,0.16666667,129.83333,0.16666667,15580,20,72,1,n1600,129.0,106.43218
129.83333,0.16666667,129.83333,0.16666667,15580,20,84,1,n1601,129.0,106.43218
129.83333,0.16666667,129.83333,0.16666667,15580,20,72,5,n1615,129.0,106.43218
130.0,0.16666667,130.0,0.16666667,15600,20,60,5,n1628,130.0,107.16803
130.0,0.5,130.0,0.5,15600,60,44,6,n1642,130.0,107.16803
130.16667,0.16666667,130.16667,0.16666667,15620,20,56,5,n1629,130.0,107.16803
130.33333,0.16666667,130.33333,0.16666667,15640,20,53,5,n1630,130.0,107.16803
130.5,0.33333334,130.5,0.33333334,15660,40,59,1,n1619,130.0,107.16803
130.5,0.33333334,130.5,0.33333334,15660,40,71,1,n1620,130.0,107.16803
130.5,0.16666667,130.5,0.16666667,15660,20,59,5,n1631,130.0,107.16803
130.66667,0.16666667,130.66667,0.16666667,15680,20,65,5,n1632,130.0,107.16803
130.66667,0.16666667,130.66667,0.16666667,15680,20,68,5,n1633,130.0,107.16803
130.83333,0.16666667,130.83333,0.16666667,15700,20,60,1,n1621,130.0,107.16803
130.83333,0.16666667,130.83333,0.16666667,15700,20,72,1,n1622,130.0,107.16803
130.83333,0.16666667,130.83333,0.16666667,15700,20,60,5,n1634,130.0,107.16803
131.0,0.16666667,131.0,0.16666667,15720,20,62,5,n1635,131.0,107.76431
131.0,0.5,131.0,0.5,15720,60,47,6,n1643,131.0,107.76431
131.16667,0.16666667,131.16667,0.16666667,15740,20,56,5,n1636,131.0,107.76431
131.33333,0.16666667,131.33333,0.16666667,15760,20,53,5,n1637,131.0,107.76431
131.5,0.33333334,131.5,0.33333334,15780,40,74,1,n1624,131.0,107.76431
131.5,0.33333334,131.5,0.33333334,15780,40,86,1,n1625,131.0,107.76431
131.5,0.16666667,131.5,0.16666667,15780,20,74,5,n1638,131.0,107.76431
131.66667,0.16666667,131.66667,0.16666667,15800,20,77,5,n1639,131.0,107.76431
131.66667,0.16666667,131.66667,0.16666667,15800,20,80,5,n1640,131.0,107.76431
131.83333,0.16666667,131.83333,0.16666667,15820,20,73,1,n1626,131.0,107.76431
131.83333,0.16666667,131.83333,0.16666667,15820,20,85,1,n1627,131.0,107.76431
131.83333,0.16666667,131.83333,0.16666667,15820,20,73,5,n1641,131.0,107.76431
132.0,0.16666667,132.0,0.16666667,15840,20,61,5,n1654,132.0,108.62703
132.0,0.5,132.0,0.5,15840,60,46,6,n1668,132.0,108.62703
132.16667,0.16666667,132.16667,0.16666667,15860,20,58,5,n1655,132.0,108.62703
132.33333,0.16666667,132.33333,0.16666667,15880,20,54,5,n1656,132.0,108.62703
132.5,0.33333334,132.5,0.33333334,15900,40,60,1,n1645,132.0,108.62703
132.5,0.33333334,132.5,0.33333334,15900,40,72,1,n1646,132.0,108.62703
132.5,0.16666667,132.5,0.16666667,15900,20,60,5,n1657,132.0,108.62703
132.66667,0.16666667,132.66667,0.16666667,15920,20,66,5,n1658,132.0,108.62703
132.66667,0.16666667,132.66667,0.16666667,15920,20,73,5,n1659,132.0,108.62703
132.83333,0.16666667,132.83333,0.16666667,15940,20,61,1,n1647,132.0,108.62703
132.83333,0.16666667,132.83333,0.16666667,15940,20,73,1,n1648,132.0,108.62703
132.83333,0.16666667,132.83333,0.16666667,15940,20,61,5,n1660,132.0,108.62703
133.0,0.16666667,133.0,0.16666667,15960,20,64,5,n1661,133.0,109.21464
133.0,0.5,133.0,0.5,15960,60,49,6,n1669,133.0,109.21464
133.16667,0.16666667,133.16667,0.16666667,15980,20,58,5,n1662,133.0,109.21464
133.33333,0.16666667,133.33333,0.16666667,16000,20,55,5,n1663,133.0,109.21464
133.5,0.33333334,133.5,0.33333334,16020,40,76,1,n1650,133.0,109.21464
133.5,0.33333334,133.5,0.33333334,16020,40,88,1,n1651,133.0,109.21464
133.5,0.16666667,133.5,0.16666667,16020,20,76,5,n1664,133.0,109.21464
133.66667,0.16666667,133.66667,0.16666667,16040,20,79,5,n1665,133.0,109.21464
133.66667,0.16666667,133.66667,0.16666667,16040,20,82,5,n1666,133.0,109.21464
133.83333,0.16666667,133.83333,0.16666667,16060,20,75,1,n1652,133.0,109.21464
133.83333,0.16666667,133.83333,0.16666667,16060,20,87,1,n1653,133.0,109.21464
133.83333,0.16666667,133.83333,0.16666667,16060,20,75,5,n1667,133.0,109.21464
134.0,0.16666667,134.0,0.16666667,16080,20,63,5,n1680,134.0,109.95849
134.0,0.5,134.0,0.5,16080,60,48,6,n1694,134.0,109.95849
134.16667,0.16666667,134.16667,0.16666667,16100,20,60,5,n1681,134.0,109.95849
134.33333,0.16666667,134.33333,0.16666667,16120,20,56,5,n1682,134.0,109.95849
134.5,0.33333334,134.5,0.33333334,16140,40,62,1,n1671,134.0,109.95849
134.5,0.33333334,134.5,0.33333334,16140,40,74,1,n1672,134.0,109.95849
134.5,0.16666667,134.5,0.16666667,16140,20,62,5,n1683,134.0,109.95849
134.66667,0.16666667,134.66667,0.16666667,16160,20,68,5,n1684,134.0,109.95849
134.66667,0.16666667,134.66667,0.16666667,16160,20,72,5,n1685,134.0,109.95849
134.83333,0.16666667,134.83333,0.16666667,16180,20,63,1,n1673,134.0,109.95849
134.83333,0.16666667,134.83333,0.16666667,16180,20,75,1,n1674,134.0,109.95849
134.83333,0.16666667,134.83333,0.16666667,16180,20,63,5,n1686,134.0,109.95849
135.0,0.16666667,135.0,0.16666667,16200,20,66,5,n1687,135.0,110.53341
135.0,0.5,135.0,0.5,16200,60,51,6,n1695,135.0,110.53341
135.16667,0.16666667,135.16667,0.16666667,16220,20,60,5,n1688,135.0,110.53341
135.33333,0.16666667,135.33333,0.16666667,16240,20,57,5,n1689,135.0,110.53341
135.5,0.33333334,135.5,0.33333334,16260,40,78,1,n1676,135.0,110.53341
135.5,0.33333334,135.5,0.33333334,16260,40,90,1,n1677,135.0,110.53341
135.5,0.16666667,135.5,0.16666667,16260,20,78,5,n1690,135.0,110.53341
135.66667,0.16666667,135.66667,0.16666667,16280,20,81,5,n1691,135.0,110.53341
135.66667,0.16666667,135.66667,0.16666667,16280,20,84,5,n1692,135.0,110.53341
135.83333,0.16666667,135.83333,0.16666667,16300,20,77,1,n1678,135.0,110.53341
135.83333,0.16666667,135.83333,0.16666667,16300,20,89,1,n1679,135.0,110.53341
135.83333,0.16666667,135.83333,0.16666667,16300,20,77,5,n1693,135.0,110.53341
136.0,0.33333334,136.0,0.33333334,16320,40,49,5,n1710,136.0,111.403465
136.0,0.33333334,136.0,0.33333334,16320,40,61,5,n1711,136.0,111.403465
136.33333,0.33333334,136.33333,0.33333334,16360,40,76,1,n1697,136.0,111.403465
136.33333,0.33333334,136.33333,0.33333334,16360,40,82,1,n1698,136.0,111.403465
136.33333,0.33333334,136.33333,0.33333334,16360,40,88,1,n1699,136.0,111.403465
136.33333,0.16666667,136.33333,0.16666667,16360,20,70,5,n1712,136.0,111.403465
136.5,0.16666667,136.5,0.16666667,16380,20,73,5,n1713,136.0,111.403465
136.66667,0.33333334,136.66667,0.33333334,16400,40,77,1,n1700,136.0,111.403465
136.66667,0.33333334,136.66667,0.33333334,16400,40,82,1,n1701,136.0,111.403465
136.66667,0.33333334,136.66667,0.33333334,16400,40,89,1,n1702,136.0,111.403465
136.66667,0.16666667,136.66667,0.16666667,16400,20,65,5,n1714,136.0,111.403465
136.83333,0.16666667,136.83333,0.16666667,16420,20,70,5,n1715,136.0,111.403465
137.0,0.33333334,137.0,0.33333334,16440,40,78,1,n1703,137.0,112.08322
137.0,0.33333334,137.0,0.33333334,16440,40,82,1,n1704,137.0,112.08322
137.0,0.33333334,137.0,0.33333334,16440,40,90,1,n1705,137.0,112.08322
137.0,0.16666667,137.0,0.16666667,16440,20,61,5,n1716,137.0,112.08322
137.16667,0.16666667,137.16667,0.16666667,16460,20,65,5,n1717,137.0,112.08322
137.33333,0.33333334,137.33333,0.33333334,16480,40,79,1,n1706,137.0,112.08322
137.33333,0.33333334,137.33333,0.33333334,16480,40,91,1,n1707,137.0,112.08322
137.33333,0.16666667,137.33333,0.16666667,16480,20,58,5,n1718,137.0,112.08322
137.5,0.16666667,137.5,0.16666667,16500,20,61,5,n1719,137.0,112.08322
137.66667,0.33333334,137.66667,0.33333334,16520,40,80,1,n1708,137.0,112.08322
137.66667,0.33333334,137.66667,0.33333334,16520,40,92,1,n1709,137.0,112.08322
137.66667,0.16666667,137.66667,0.16666667,16520,20,53,5,n1720,137.0,112.08322
137.83333,0.16666667,137.83333,0.16666667,16540,20,58,5,n1721,137.0,112.08322
138.0,0.33333334,138.0,0.33333334,16560,40,43,5,n1738,138.0,112.56065
138.0,0.33333334,138.0,0.33333334,16560,40,55,5,n1739,138.0,112.56065
138.33333,0.33333334,138.33333,0.33333334,16600,40,81,1,n1723,138.0,112.56065
138.33333,0.33333334,138.33333,0.33333334,16600,40,89,1,n1724,138.0,112.56065
138.33333,0.33333334,138.33333,0.33333334,16600,40,93,1,n1725,138.0,112.56065
138.33333,0.16666667,138.33333,0.16666667,16600,20,70,5,n1740,138.0,112.56065
138.5,0.16666667,138.5,0.16666667,16620,20,73,5,n1741,138.0,112.56065
138.66667,0.33333334,138.66667,0.33333334,16640,40,82,1,n1726,138.0,112.56065
138.66667,0.33333334,138.66667,0.33333334,16640,40,89,1,n1727,138.0,112.56065
138.66667,0.33333334,138.66667,0.33333334,16640,40,94,1,n1728,138.0,112.56065
138.66667,0.16666667,138.66667,0.16666667,16640,20,65,5,n1742,138.0,112.56065
138.83333,0.16666667,138.83333,0.16666667,16660,20,70,5,n1743,138.0,112.56065
139.0,0.33333334,139.0,0.33333334,16680,40,83,1,n1729,139.0,113.21303
139.0,0.33333334,139.0,0.33333334,16680,40,89,1,n1730,139.0,113.21303
139.0,0.33333334,139.0,0.33333334,16680,40,95,1,n1731,139.0,113.21303
139.0,0.16666667,139.0,0.16666667,16680,20,61,5,n1744,139.0,113.21303
139.16667,0.16666667,139.16667,0.16666667,16700,20,65,5,n1745,139.0,113.21303
139.33333,0.33333334,139.33333,0.33333334,16720,40,84,1,n1732,139.0,113.21303
139.33333,0.33333334,139.33333,0.33333334,16720,40,89,1,n1733,139.0,113.21303
139.33333,0.33333334,139.33333,0.33333334,16720,40,96,1,n1734,139.0,113.21303
139.33333,0.16666667,139.33333,0.16666667,16720,20,58,5,n1746,139.0,113.21303
139.5,0.16666667,139.5,0.16666667,16740,20,61,5,n1747,139.0,113.21303
139.66667,0.33333334,139.66667,0.33333334,16760,40,85,1,n1735,139.0,113.21303
139.66667,0.33333334,139.66667,0.33333334,16760,40,89,1,n1736,139.0,113.21303
139.66667,0.33333334,139.66667,0.33333334,16760,40,97,1,n1737,139.0,113.21303
139.66667,0.16666667,139.66667,0.16666667,16760,20,53,5,n1748,139.0,113.21303
139.83333,0.16666667,139.83333,0.16666667,16780,20,58,5,n1749,139.0,113.21303
140.0,0.33333334,140.0,0.33333334,16800,40,50,5,n1764,140.0,113.68712
140.0,0.33333334,140.0,0.33333334,16800,40,62,5,n1765,140.0,113.68712
140.33333,0.33333334,140.33333,0.33333334,16840,40,76,1,n1751,140.0,113.68712
140.33333,0.33333334,140.33333,0.33333334,16840,40,83,1,n1752,140.0,113.68712
140.33333,0.33333334,140.33333,0.33333334,16840,40,88,1,n1753,140.0,113.68712
140.33333,0.16666667,140.33333,0.16666667,16840,20,71,5,n1766,140.0,113.68712
140.5,0.16666667,140.5,0.16666667,16860,20,74,5,n1767,140.0,113.68712
140.66667,0.33333334,140.66667,0.33333334,16880,40,77,1,n1754,140.0,113.68712
140.66667,0.33333334,140.66667,0.33333334,16880,40,83,1,n1755,140.0,113.68712
140.66667,0.33333334,140.66667,0.33333334,16880,40,89,1,n1756,140.0,113.68712
140.66667,0.16666667,140.66667,0.16666667,16880,20,65,5,n1768,140.0,113.68712
140.83333,0.16666667,140.83333,0.16666667,16900,20,71,5,n1769,140.0,113.68712
141.0,0.33333334,141.0,0.33333334,16920,40,78,1,n1757,141.0,114.30811
141.0,0.33333334,141.0,0.33333334,16920,40,83,1,n1758,141.0,114.30811
141.0,0.33333334,141.0,0.33333334,16920,40,90,1,n1759,141.0,114.30811
141.0,0.16666667,141.0,0.16666667,16920,20,62,5,n1770,141.0,114.30811
141.16667,0.16666667,141.16667,0.16666667,16940,20,65,5,n1771,141.0,114.30811
141.33333,0.33333334,141.33333,0.33333334,16960,40,79,1,n1760,141.0,114.30811
141.33333,0.33333334,141.33333,0.33333334,16960,40,91,1,n1761,141.0,114.30811
141.33333,0.16666667,141.33333,0.16666667,16960,20,59,5,n1772,141.0,114.30811
141.5,0.16666667,141.5,0.16666667,16980,20,62,5,n1773,141.0,114.30811
141.66667,0.33333334,141.66667,0.33333334,17000,40,80,1,n1762,141.0,114.30811
141.66667,0.33333334,141.66667,0.33333334,17000,40,92,1,n1763,141.0,114.30811
141.66667,0.16666667,141.66667,0.16666667,17000,20,53,5,n1774,141.0,114.30811
141.83333,0.16666667,141.83333,0.16666667,17020,20,59,5,n1775,141.0,114.30811
142.0,0.33333334,142.0,0.33333334,17040,40,43,5,n1790,142.0,114.80557
142.0,0.33333334,142.0,0.33333334,17040,40,55,5,n1791,142.0,114.80557
142.33333,0.33333334,142.33333,0.33333334,17080,40,81,1,n1777,142.0,114.80557
142.33333,0.33333334,142.33333,0.33333334,17080,40,89,1,n1778,142.0,114.80557
142.33333,0.33333334,142.33333,0.33333334,17080,40,93,1,n1779,142.0,114.80557
142.33333,0.16666667,142.33333,0.16666667,17080,20,71,5,n1792,142.0,114.80557
142.5,0.16666667,142.5,0.16666667,17100,20,74,5,n1793,142.0,114.80557
142.66667,0.33333334,142.66667,0.33333334,17120,40,82,1,n1780,142.0,114.80557
142.66667,0.33333334,142.66667,0.33333334,17120,40,89,1,n1781,142.0,114.80557
142.66667,0.33333334,142.66667,0.33333334,17120,40,94,1,n1782,142.0,114.80557
142.66667,0.16666667,142.66667,0.16666667,17120,20,65,5,n1794,142.0,114.80557
142.83333,0.16666667,142.83333,0.16666667,17140,20,71,5,n1795,142.0,114.80557
143.0,0.33333334,143.0,0.33333334,17160,40,83,1,n1783,143.0,115.50469
143.0,0.33333334,143.0,0.33333334,17160,40,89,1,n1784,143.0,115.50469
143.0,0.33333334,143.0,0.33333334,17160,40,95,1,n1785,143.0,115.50469
143.0,0.16666667,143.0,0.16666667,17160,20,62,5,n1796,143.0,115.50469
143.16667,0.16666667,143.16667,0.16666667,17180,20,65,5,n1797,143.0,115.50469
143.33333,0.33333334,143.33333,0.33333334,17200,40,85,1,n1786,143.0,115.50469
143.33333,0.33333334,143.33333,0.33333334,17200,40,97,1,n1787,143.0,115.50469
143.33333,0.16666667,143.33333,0.16666667,17200,20,59,5,n1798,143.0,115.50469
143.5,0.16666667,143.5,0.16666667,17220,20,62,5,n1799,143.0,115.50469
143.66667,0.33333334,143.66667,0.33333334,17240,40,86,1,n1788,143.0,115.50469
143.66667,0.33333334,143.66667,0.33333334,17240,40,98,1,n1789,143.0,115.50469
143.66667,0.16666667,143.66667,0.16666667,17240,20,53,5,n1800,143.0,115.50469
143.83333,0.16666667,143.83333,0.16666667,17260,20,59,5,n1801,143.0,115.50469
144.0,0.33333334,144.0,0.33333334,17280,40,87,1,n1802,144.0,115.98679
144.0,0.33333334,144.0,0.33333334,17280,40,95,1,n1803,144.0,115.98679
144.0,0.33333334,144.0,0.33333334,17280,40,99,1,n1804,144.0,115.98679
144.0,0.5,144.0,0.5,17280,60,42,5,n1815,144.0,115.98679
144.0,0.5,144.0,0.5,17280,60,54,5,n1816,144.0,115.98679
144.33333,0.16666667,144.33333,0.16666667,17320,20,95,1,n1805,144.0,115.98679
144.5,0.16666667,144.5,0.16666667,17340,20,87,1,n1806,144.0,115.98679
144.66667,0.16666667,144.66667,0.16666667,17360,20,90,1,n1807,144.0,115.98679
144.75,0.25,144.75,0.25,17370,30,63,5,n1818,144.0,115.98679
144.75,0.25,144.75,0.25,17370,30,66,5,n1819,144.0,115.98679
144.75,0.25,144.75,0.25,17370,30,71,5,n1820,144.0,115.98679
144.75,0.25,144.75,0.25,17370,30,75,5,n1821,144.0,115.98679
144.83333,0.16666667,144.83333,0.16666667,17380,20,83,1,n1808,144.0,115.98679
145.0,0.16666667,145.0,0.16666667,17400,20,87,1,n1809,145.0,116.5103
145.0,1.0,145.0,1.0,17400,120,63,5,n1822,145.0,116.5103
145.0,1.0,145.0,1.0,17400,120,66,5,n1823,145.0,116.5103
145.0,1.0,145.0,1.0,17400,120,71,5,n1824,145.0,116.5103
145.0,1.0,145.0,1.0,17400,120,75,5,n1825,145.0,116.5103
145.16667,0.16666667,145.16667,0.16666667,17420,20,78,1,n1810,145.0,116.5103
145.33333,0.16666667,145.33333,0.16666667,17440,20,83,1,n1811,145.0,116.5103
145.5,0.16666667,145.5,0.16666667,17460,20,75,1,n1812,145.0,116.5103
145.66667,0.16666667,145.66667,0.16666667,17480,20,78,1,n1813,145.0,116.5103
145.83333,0.16666667,145.83333,0.16666667,17500,20,71,1,n1814,145.0,116.5103
146.0,0.33333334,146.0,0.33333334,17520,40,88,1,n1826,146.0,117.10458
146.0,0.33333334,146.0,0.33333334,17520,40,96,1,n1827,146.0,117.10458
146.0,0.33333334,146.0,0.33333334,17520,40,100,1,n1828,146.0,117.10458
146.0,0.5,146.0,0.5,17520,60,40,5,n1839,146.0,117.10458
146.0,0.5,146.0,0.5,17520,60,52,5,n1840,146.0,117.10458
146.33333,0.16666667,146.33333,0.16666667,17560,20,96,1,n1829,146.0,117.10458
146.5,0.16666667,146.5,0.16666667,17580,20,88,1,n1830,146.0,117.10458
146.66667,0.16666667,146.66667,0.16666667,17600,20,91,1,n1831,146.0,117.10458
146.75,0.25,146.75,0.25,17610,30,64,5,n1842,146.0,117.10458
146.75,0.25,146.75,0.25,17610,30,67,5,n1843,146.0,117.10458
146.75,0.25,146.75,0.25,17610,30,72,5,n1844,146.0,117.10458
146.75,0.25,146.75,0.25,17610,30,76,5,n1845,146.0,117.10458
146.83333,0.16666667,146.83333,0.16666667,17620,20,84,1,n1832,146.0,117.10458
147.0,0.16666667,147.0,0.16666667,17640,20,88,1,n1833,147.0,117.62141
147.0,1.0,147.0,1.0,17640,120,64,5,n1846,147.0,117.62141
147.0,1.0,147.0,1.0,17640,120,67,5,n1847,147.0,117.62141
147.0,1.0,147.0,1.0,17640,120,72,5,n1848,147.0,117.62141
147.0,1.0,147.0,1.0,17640,120,76,5,n1849,147.0,117.62141
147.16667,0.16666667,147.16667,0.16666667,17660,20,79,1,n1834,147.0,117.62141
147.33333,0.16666667,147.33333,0.16666667,17680,20,84,1,n1835,147.0,117.62141
147.5,0.16666667,147.5,0.16666667,17700,20,76,1,n1836,147.0,117.62141
147.66667,0.16666667,147.66667,0.16666667,17720,20,79,1,n1837,147.0,117.62141
147.83333,0.16666667,147.83333,0.16666667,17740,20,72,1,n1838,147.0,117.62141
148.0,0.33333334,148.0,0.33333334,17760,40,89,1,n1850,148.0,118.3666
148.0,0.33333334,148.0,0.33333334,17760,40,97,1,n1851,148.0,118.3666
148.0,0.33333334,148.0,0.33333334,17760,40,101,1,n1852,148.0,118.3666
148.0,0.5,148.0,0.5,17760,60,35,5,n1863,148.0,118.3666
148.0,0.5,148.0,0.5,17760,60,47,5,n1864,148.0,118.3666
148.33333,0.16666667,148.33333,0.16666667,17800,20,97,1,n1853,148.0,118.3666
148.5,0.16666667,148.5,0.16666667,17820,20,89,1,n1854,148.0,118.3666
148.66667,0.16666667,148.66667,0.16666667,17840,20,92,1,n1855,148.0,118.3666
148.75,0.25,148.75,0.25,17850,30,65,5,n1866,148.0,118.3666
148.75,0.25,148.75,0.25,17850,30,68,5,n1867,148.0,118.3666
148.75,0.25,148.75,0.25,17850,30,73,5,n1868,148.0,118.3666
148.75,0.25,148.75,0.25,17850,30,77,5,n1869,148.0,118.3666
148.83333,0.16666667,148.83333,0.16666667,17860,20,85,1,n1856,148.0,118.3666
149.0,0.16666667,149.0,0.16666667,17880,20,89,1,n1857,149.0,118.98092
149.0,1.0,149.0,1.0,17880,120,65,5,n1870,149.0,118.98092
149.0,1.0,149.0,1.0,17880,120,68,5,n1871,149.0,118.98092
149.0,1.0,149.0,1.0,17880,120,73,5,n1872,149.0,118.98092
149.0,1.0,149.0,1.0,17880,120,77,5,n1873,149.0,118.98092
149.16667,0.16666667,149.16667,0.16666667,17900,20,80,1,n1858,149.0,118.98092
149.33333,0.16666667,149.33333,0.16666667,17920,20,85,1,n1859,149.0,118.98092
149.5,0.16666667,149.5,0.16666667,17940,20,77,1,n1860,149.0,118.98092
149.66667,0.16666667,149.66667,0.16666667,17960,20,80,1,n1861,149.0,118.98092
149.83333,0.16666667,149.83333,0.16666667,17980,20,73,1,n1862,149.0,118.98092
150.0,0.16666667,150.0,0.16666667,18000,20,77,1,n1874,150.0,119.50576
150.16667,0.16666667,150.16667,0.16666667,18020,20,68,1,n1875,150.0,119.50576
150.33333,0.16666667,150.33333,0.16666667,18040,20,73,1,n1876,150.0,119.50576
150.5,0.16666667,150.5,0.16666667,18060,20,65,1,n1877,150.0,119.50576
150.66667,0.16666667,150.66667,0.16666667,18080,20,68,1,n1878,150.0,119.50576
150.83333,0.16666667,150.83333,0.16666667,18100,20,61,1,n1879,150.0,119.50576
151.0,0.16666667,151.0,0.16666667,18120,20,65,1,n1880,151.0,120.04262
151.16667,0.16666667,151.16667,0.16666667,18140,20,56,1,n1881,151.0,120.04262
151.33333,0.16666667,151.33333,0.16666667,18160,20,61,1,n1882,151.0,120.04262
151.5,0.16666667,151.5,0.16666667,18180,20,53,1,n1883,151.0,120.04262
151.66667,0.16666667,151.66667,0.16666667,18200,20,56,1,n1884,151.0,120.04262
151.83333,0.16666667,151.83333,0.16666667,18220,20,49,1,n1885,151.0,120.04262
152.0,0.25,152.0,0.25,18240,30,53,5,n1889,152.0,120.39785
152.25,0.25,152.25,0.25,18270,30,44,5,n1890,152.0,120.39785
152.5,0.25,152.5,0.25,18300,30,49,5,n1891,152.0,120.39785
152.75,0.25,152.75,0.25,18330,30,41,5,n1892,152.0,120.39785
153.0,0.25,153.0,0.25,18360,30,44,5,n1893,153.0,120.75308
153.25,0.25,153.25,0.25,18390,30,37,5,n1894,153.0,120.75308
153.5,0.25,153.5,0.25,18420,30,41,5,n1895,153.0,120.75308
153.875,0.125,153.875,0.125,18465,15,35,5,n1897,153.0,120.75308
154.0,0.33333334,154.0,0.33333334,18480,40,35,5,n1912,154.0,121.10832
154.33333,0.33333334,154.33333,0.33333334,18520,40,52,1,n1899,154.0,121.10832
154.33333,0.33333334,154.33333,0.33333334,18520,40,55,1,n1900,154.0,121.10832
154.33333,0.33333334,154.33333,0.33333334,18520,40,59,1,n1901,154.0,121.10832
154.33333,0.33333334,154.33333,0.33333334,18520,40,36,5,n1913,154.0,121.10832
154.66667,0.33333334,154.66667,0.33333334,18560,40,52,1,n1902,154.0,121.10832
154.66667,0.33333334,154.66667,0.33333334,18560,40,55,1,n1903,154.0,121.10832
154.66667,0.33333334,154.66667,0.33333334,18560,40,60,1,n1904,154.0,121.10832
155.0,0.33333334,155.0,0.33333334,18600,40,34,5,n1914,155.0,121.89091
155.33333,0.33333334,155.33333,0.33333334,18640,40,53,1,n1906,155.0,121.89091
155.33333,0.33333334,155.33333,0.33333334,18640,40,56,1,n1907,155.0,121.89091
155.33333,0.33333334,155.33333,0.33333334,18640,40,62,1,n1908,155.0,121.89091
155.33333,0.33333334,155.33333,0.33333334,18640,40,35,5,n1915,155.0,121.89091
155.66667,0.33333334,155.66667,0.33333334,18680,40,53,1,n1909,155.0,121.89091
155.66667,0.33333334,155.66667,0.33333334,18680,40,56,1,n1910,155.0,121.89091
155.66667,0.33333334,155.66667,0.33333334,18680,40,61,1,n1911,155.0,121.89091
156.0,0.33333334,156.0,0.33333334,18720,40,32,5,n1930,156.0,122.50121
156.33333,0.33333334,156.33333,0.33333334,18760,40,54,1,n1917,156.0,122.50121
156.33333,0.33333334,156.33333,0.33333334,18760,40,57,1,n1918,156.0,122.50121
156.33333,0.33333334,156.33333,0.33333334,18760,40,60,1,n1919,156.0,122.50121
156.33333,0.33333334,156.33333,0.33333334,18760,40,33,5,n1931,156.0,122.50121
156.66667,0.33333334,156.66667,0.33333334,18800,40,54,1,n1920,156.0,122.50121
156.66667,0.33333334,156.66667,0.33333334,18800,40,57,1,n1921,156.0,122.50121
156.66667,0.33333334,156.66667,0.33333334,18800,40,61,1,n1922,156.0,122.50121
157.0,0.33333334,157.0,0.33333334,18840,40,34,5,n1932,157.0,123.00602
157.33333,0.33333334,157.33333,0.33333334,18880,40,53,1,n1924,157.0,123.00602
157.33333,0.33333334,157.33333,0.33333334,18880,40,56,1,n1925,157.0,123.00602
157.33333,0.33333334,157.33333,0.33333334,18880,40,63,1,n1926,157.0,123.00602
157.33333,0.33333334,157.33333,0.33333334,18880,40,35,5,n1933,157.0,123.00602
157.66667,0.33333334,157.66667,0.33333334,18920,40,53,1,n1927,157.0,123.00602
157.66667,0.33333334,157.66667,0.33333334,18920,40,56,1,n1928,157.0,123.00602
157.66667,0.33333334,157.66667,0.33333334,18920,40,61,1,n1929,157.0,123.00602
158.0,0.33333334,158.0,0.33333334,18960,40,35,5,n1952,158.0,123.57493
158.0,0.33333334,158.0,0.33333334,18960,40,47,5,n1953,158.0,123.57493
158.33333,0.33333334,158.33333,0.33333334,19000,40,59,1,n1935,158.0,123.57493
158.33333,0.33333334,158.33333,0.33333334,19000,40,64,1,n1936,158.0,123.57493
158.33333,0.33333334,158.33333,0.33333334,19000,40,67,1,n1937,158.0,123.57493
158.33333,0.33333334,158.33333,0.33333334,19000,40,71,1,n1938,158.0,123.57493
158.33333,0.33333334,158.33333,0.33333334,19000,40,36,5,n1954,158.0,123.57493
158.33333,0.33333334,158.33333,0.33333334,19000,40,48,5,n1955,158.0,123.57493
158.66667,0.33333334,158.66667,0.33333334,19040,40,60,1,n1939,158.0,123.57493
158.66667,0.33333334,158.66667,0.33333334,19040,40,64,1,n1940,158.0,123.57493
158.66667,0.33333334,158.66667,0.33333334,19040,40,67,1,n1941,158.0,123.57493
158.66667,0.33333334,158.66667,0.33333334,19040,40,72,1,n1942,158.0,123.57493
159.0,0.33333334,159.0,0.33333334,19080,40,34,5,n1957,159.0,124.033
159.0,0.33333334,159.0,0.33333334,19080,40,46,5,n1958,159.0,124.033
159.33333,0.33333334,159.33333,0.33333334,19120,40,62,1,n1944,159.0,124.033
159.33333,0.33333334,159.33333,0.33333334,19120,40,65,1,n1945,159.0,124.033
159.33333,0.33333334,159.33333,0.33333334,19120,40,68,1,n1946,159.0,124.033
159.33333,0.33333334,159.33333,0.33333334,19120,40,74,1,n1947,159.0,124.033
159.33333,0.33333334,159.33333,0.33333334,19120,40,35,5,n1959,159.0,124.033
159.33333,0.33333334,159.33333,0.33333334,19120,40,47,5,n1960,159.0,124.033
159.66667,0.33333334,159.66667,0.33333334,19160,40,61,1,n1948,159.0,124.033
159.66667,0.33333334,159.66667,0.33333334,19160,40,65,1,n1949,159.0,124.033
159.66667,0.33333334,159.66667,0.33333334,19160,40,68,1,n1950,159.0,124.033
159.66667,0.33333334,159.66667,0.33333334,19160,40,73,1,n1951,159.0,124.033
160.0,0.33333334,160.0,0.33333334,19200,40,32,5,n1978,160.0,124.50709
160.0,0.33333334,160.0,0.33333334,19200,40,44,5,n1979,160.0,124.50709
160.33333,0.33333334,160.33333,0.33333334,19240,40,60,1,n1963,160.0,124.50709
160.33333,0.33333334,160.33333,0.33333334,19240,40,66,1,n1964,160.0,124.50709
160.33333,0.33333334,160.33333,0.33333334,19240,40,72,1,n1965,160.0,124.50709
160.33333,0.33333334,160.33333,0.33333334,19240,40,33,5,n1980,160.0,124.50709
160.33333,0.33333334,160.33333,0.33333334,19240,40,45,5,n1981,160.0,124.50709
160.66667,0.33333334,160.66667,0.33333334,19280,40,61,1,n1966,160.0,124.50709
160.66667,0.33333334,160.66667,0.33333334,19280,40,66,1,n1967,160.0,124.50709
160.66667,0.33333334,160.66667,0.33333334,19280,40,73,1,n1968,160.0,124.50709
161.0,0.33333334,161.0,0.33333334,19320,40,34,5,n1983,161.0,124.917076
161.0,0.33333334,161.0,0.33333334,19320,40,46,5,n1984,161.0,124.917076
161.33333,0.33333334,161.33333,0.33333334,19360,40,63,1,n1970,161.0,124.917076
161.33333,0.33333334,161.33333,0.33333334,19360,40,65,1,n1971,161.0,124.917076
161.33333,0.33333334,161.33333,0.33333334,19360,40,68,1,n1972,161.0,124.917076
161.33333,0.33333334,161.33333,0.33333334,19360,40,75,1,n1973,161.0,124.917076
161.33333,0.33333334,161.33333,0.33333334,19360,40,35,5,n1985,161.0,124.917076
161.33333,0.33333334,161.33333,0.33333334,19360,40,47,5,n1986,161.0,124.917076
161.66667,0.33333334,161.66667,0.33333334,19400,40,61,1,n1974,161.0,124.917076
161.66667,0.33333334,161.66667,0.33333334,19400,40,65,1,n1975,161.0,124.917076
161.66667,0.33333334,161.66667,0.33333334,19400,40,68,1,n1976,161.0,124.917076
161.66667,0.33333334,161.66667,0.33333334,19400,40,73,1,n1977,161.0,124.917076
162.0,0.33333334,162.0,0.33333334,19440,40,35,5,n2006,162.0,125.31104
162.0,0.33333334,162.0,0.33333334,19440,40,47,5,n2007,162.0,125.31104
162.33333,0.33333334,162.33333,0.33333334,19480,40,71,1,n1989,162.0,125.31104
162.33333,0.33333334,162.33333,0.33333334,19480,40,76,1,n1990,162.0,125.31104
162.33333,0.33333334,162.33333,0.33333334,19480,40,79,1,n1991,162.0,125.31104
162.33333,0.33333334,162.33333,0.33333334,19480,40,83,1,n1992,162.0,125.31104
162.33333,0.33333334,162.33333,0.33333334,19480,40,36,5,n2008,162.0,125.31104
162.33333,0.33333334,162.33333,0.33333334,19480,40,48,5,n2009,162.0,125.31104
162.66667,0.33333334,162.66667,0.33333334,19520,40,72,1,n1993,162.0,125.31104
162.66667,0.33333334,162.66667,0.33333334,19520,40,76,1,n1994,162.0,125.31104
162.66667,0.33333334,162.66667,0.33333334,19520,40,79,1,n1995,162.0,125.31104
162.66667,0.33333334,162.66667,0.33333334,19520,40,84,1,n1996,162.0,125.31104
163.0,0.33333334,163.0,0.33333334,19560,40,34,5,n2011,163.0,125.66427
163.0,0.33333334,163.0,0.33333334,19560,40,46,5,n2012,163.0,125.66427
163.33333,0.33333334,163.33333,0.33333334,19600,40,74,1,n1998,163.0,125.66427
163.33333,0.33333334,163.33333,0.33333334,19600,40,77,1,n1999,163.0,125.66427
163.33333,0.33333334,163.33333,0.33333334,19600,40,80,1,n2000,163.0,125.66427
163.33333,0.33333334,163.33333,0.33333334,19600,40,86,1,n2001,163.0,125.66427
163.33333,0.33333334,163.33333,0.33333334,19600,40,35,5,n2013,163.0,125.66427
163.33333,0.33333334,163.33333,0.33333334,19600,40,47,5,n2014,163.0,125.66427
163.66667,0.33333334,163.66667,0.33333334,19640,40,73,1,n2002,163.0,125.66427
163.66667,0.33333334,163.66667,0.33333334,19640,40,77,1,n2003,163.0,125.66427
163.66667,0.33333334,163.66667,0.33333334,19640,40,80,1,n2004,163.0,125.66427
163.66667,0.33333334,163.66667,0.33333334,19640,40,85,1,n2005,163.0,125.66427
164.0,0.33333334,164.0,0.33333334,19680,40,32,5,n2032,164.0,125.9948
164.0,0.33333334,164.0,0.33333334,19680,40,44,5,n2033,164.0,125.9948
164.33333,0.33333334,164.33333,0.33333334,19720,40,72,1,n2017,164.0,125.9948
164.33333,0.33333334,164.33333,0.33333334,19720,40,78,1,n2018,164.0,125.9948
164.33333,0.33333334,164.33333,0.33333334,19720,40,84,1,n2019,164.0,125.9948
164.33333,0.33333334,164.33333,0.33333334,19720,40,33,5,n2034,164.0,125.9948
164.33333,0.33333334,164.33333,0.33333334,19720,40,45,5,n2035,164.0,125.9948
164.66667,0.33333334,164.66667,0.33333334,19760,40,73,1,n2020,164.0,125.9948
164.66667,0.33333334,164.66667,0.33333334,19760,40,78,1,n2021,164.0,125.9948
164.66667,0.33333334,164.66667,0.33333334,19760,40,85,1,n2022,164.0,125.9948
165.0,0.33333334,165.0,0.33333334,19800,40,34,5,n2037,165.0,126.30062
165.0,0.33333334,165.0,0.33333334,19800,40,46,5,n2038,165.0,126.30062
165.33333,0.33333334,165.33333,0.33333334,19840,40,75,1,n2024,165.0,126.30062
165.33333,0.33333334,165.33333,0.33333334,19840,40,77,1,n2025,165.0,126.30062
165.33333,0.33333334,165.33333,0.33333334,19840,40,80,1,n2026,165.0,126.30062
165.33333,0.33333334,165.33333,0.33333334,19840,40,87,1,n2027,165.0,126.30062
165.33333,0.33333334,165.33333,0.33333334,19840,40,35,5,n2039,165.0,126.30062
165.33333,0.33333334,165.33333,0.33333334,19840,40,47,5,n2040,165.0,126.30062
165.66667,0.33333334,165.66667,0.33333334,19880,40,73,1,n2028,165.0,126.30062
165.66667,0.33333334,165.66667,0.33333334,19880,40,77,1,n2029,165.0,126.30062
165.66667,0.33333334,165.66667,0.33333334,19880,40,80,1,n2030,165.0,126.30062
165.66667,0.33333334,165.66667,0.33333334,19880,40,85,1,n2031,165.0,126.30062
166.0,0.33333334,166.0,0.33333334,19920,40,35,5,n2060,166.0,126.59309
166.0,0.33333334,166.0,0.33333334,19920,40,47,5,n2061,166.0,126.59309
166.33333,0.33333334,166.33333,0.33333334,19960,40,83,1,n2043,166.0,126.59309
166.33333,0.33333334,166.33333,0.33333334,19960,40,88,1,n2044,166.0,126.59309
166.33333,0.33333334,166.33333,0.33333334,19960,40,91,1,n2045,166.0,126.59309
166.33333,0.33333334,166.33333,0.33333334,19960,40,95,1,n2046,166.0,126.59309
166.33333,0.33333334,166.33333,0.33333334,19960,40,36,5,n2062,166.0,126.59309
166.33333,0.33333334,166.33333,0.33333334,19960,40,48,5,n2063,166.0,126.59309
166.66667,0.33333334,166.66667,0.33333334,20000,40,84,1,n2047,166.0,126.59309
166.66667,0.33333334,166.66667,0.33333334,20000,40,88,1,n2048,166.0,126.59309
166.66667,0.33333334,166.66667,0.33333334,20000,40,91,1,n2049,166.0,126.59309
166.66667,0.33333334,166.66667,0.33333334,20000,40,96,1,n2050,166.0,126.59309
167.0,0.33333334,167.0,0.33333334,20040,40,34,5,n2065,167.0,126.8722
167.0,0.33333334,167.0,0.33333334,20040,40,46,5,n2066,167.0,126.8722
167.33333,0.33333334,167.33333,0.33333334,20080,40,86,1,n2052,167.0,126.8722
167.33333,0.33333334,167.33333,0.33333334,20080,40,89,1,n2053,167.0,126.8722
167.33333,0.33333334,167.33333,0.33333334,20080,40,92,1,n2054,167.0,126.8722
167.33333,0.33333334,167.33333,0.33333334,20080,40,98,1,n2055,167.0,126.8722
167.33333,0.33333334,167.33333,0.33333334,20080,40,35,5,n2067,167.0,126.8722
167.33333,0.33333334,167.33333,0.33333334,20080,40,47,5,n2068,167.0,126.8722
167.66667,0.33333334,167.66667,0.33333334,20120,40,85,1,n2056,167.0,126.8722
167.66667,0.33333334,167.66667,0.33333334,20120,40,89,1,n2057,167.0,126.8722
167.66667,0.33333334,167.66667,0.33333334,20120,40,92,1,n2058,167.0,126.8722
167.66667,0.33333334,167.66667,0.33333334,20120,40,97,1,n2059,167.0,126.8722
168.0,0.33333334,168.0,0.33333334,20160,40,32,5,n2086,168.0,127.178024
168.0,0.33333334,168.0,0.33333334,20160,40,44,5,n2087,168.0,127.178024
168.33333,0.33333334,168.33333,0.33333334,20200,40,84,1,n2071,168.0,127.178024
168.33333,0.33333334,168.33333,0.33333334,20200,40,90,1,n2072,168.0,127.178024
168.33333,0.33333334,168.33333,0.33333334,20200,40,96,1,n2073,168.0,127.178024
168.33333,0.33333334,168.33333,0.33333334,20200,40,33,5,n2088,168.0,127.178024
168.33333,0.33333334,168.33333,0.33333334,20200,40,45,5,n2089,168.0,127.178024
168.66667,0.33333334,168.66667,0.33333334,20240,40,85,1,n2074,168.0,127.178024
168.66667,0.33333334,168.66667,0.33333334,20240,40,90,1,n2075,168.0,127.178024
168.66667,0.33333334,168.66667,0.33333334,20240,40,97,1,n2076,168.0,127.178024
169.0,0.33333334,169.0,0.33333334,20280,40,34,5,n2091,169.0,127.472496
169.0,0.33333334,169.0,0.33333334,20280,40,46,5,n2092,169.0,127.472496
169.33333,0.33333334,169.33333,0.33333334,20320,40,87,1,n2078,169.0,127.472496
169.33333,0.33333334,169.33333,0.33333334,20320,40,89,1,n2079,169.0,127.472496
169.33333,0.33333334,169.33333,0.33333334,20320,40,92,1,n2080,169.0,127.472496
169.33333,0.33333334,169.33333,0.33333334,20320,40,99,1,n2081,169.0,127.472496
169.33333,0.33333334,169.33333,0.33333334,20320,40,35,5,n2093,169.0,127.472496
169.33333,0.33333334,169.33333,0.33333334,20320,40,47,5,n2094,169.0,127.472496
169.66667,0.33333334,169.66667,0.33333334,20360,40,85,1,n2082,169.0,127.472496
169.66667,0.33333334,169.66667,0.33333334,20360,40,89,1,n2083,169.0,127.472496
169.66667,0.33333334,169.66667,0.33333334,20360,40,92,1,n2084,169.0,127.472496
169.66667,0.33333334,169.66667,0.33333334,20360,40,97,1,n2085,169.0,127.472496
170.0,0.5,170.0,0.5,20400,60,82,1,n2096,170.0,127.81438
170.0,0.5,170.0,0.5,20400,60,88,1,n2097,170.0,127.81438
170.0,0.5,170.0,0.5,20400,60,91,1,n2098,170.0,127.81438
170.0,0.5,170.0,0.5,20400,60,97,1,n2099,170.0,127.81438
170.0,0.5,170.0,0.5,20400,60,36,5,n2102,170.0,127.81438
170.0,0.5,170.0,0.5,20400,60,48,5,n2103,170.0,127.81438
171.0,0.16666667,171.0,0.16666667,20520,20,65,5,n2105,171.0,129.87701
171.0,0.16666667,171.0,0.16666667,20520,20,68,5,n2106,171.0,129.87701
171.0,0.16666667,171.0,0.16666667,20520,20,73,5,n2107,171.0,129.87701
171.16667,0.16666667,171.16667,0.16666667,20540,20,67,5,n2108,171.0,129.87701
171.16667,0.16666667,171.16667,0.16666667,20540,20,70,5,n2109,171.0,129.87701
171.16667,0.16666667,171.16667,0.16666667,20540,20,75,5,n2110,171.0,129.87701
171.33333,0.16666667,171.33333,0.16666667,20560,20,65,5,n2111,171.0,129.87701
171.33333,0.16666667,171.33333,0.16666667,20560,20,68,5,n2112,171.0,129.87701
171.33333,0.16666667,171.33333,0.16666667,20560,20,73,5,n2113,171.0,129.87701
171.5,0.16666667,171.5,0.16666667,20580,20,64,5,n2114,171.0,129.87701
171.5,0.16666667,171.5,0.16666667,20580,20,67,5,n2115,171.0,129.87701
171.5,0.16666667,171.5,0.16666667,20580,20,72,5,n2116,171.0,129.87701
171.66667,0.16666667,171.66667,0.16666667,20600,20,65,5,n2117,171.0,129.87701
171.66667,0.16666667,171.66667,0.16666667,20600,20,68,5,n2118,171.0,129.87701
171.66667,0.16666667,171.66667,0.16666667,20600,20,73,5,n2119,171.0,129.87701
171.83333,0.16666667,171.83333,0.16666667,20620,20,64,5,n2120,171.0,129.87701
171.83333,0.16666667,171.83333,0.16666667,20620,20,67,5,n2121,171.0,129.87701
171.83333,0.16666667,171.83333,0.16666667,20620,20,72,5,n2122,171.0,129.87701
172.0,0.16666667,172.0,0.16666667,20640,20,61,5,n2123,171.0,129.87701
172.0,0.16666667,172.0,0.16666667,20640,20,65,5,n2124,171.0,129.87701
172.0,0.16666667,172.0,0.16666667,20640,20,70,5,n2125,171.0,129.87701
172.16667,0.16666667,172.16667,0.16666667,20660,20,64,5,n2126,171.0,129.87701
172.16667,0.16666667,172.16667,0.16666667,20660,20,67,5,n2127,171.0,129.87701
172.16667,0.16666667,172.16667,0.16666667,20660,20,72,5,n2128,171.0,129.87701
172.33333,0.16666667,172.33333,0.16666667,20680,20,61,5,n2129,171.0,129.87701
172.33333,0.16666667,172.33333,0.16666667,20680,20,65,5,n2130,171.0,129.87701
172.33333,0.16666667,172.33333,0.16666667,20680,20,70,5,n2131,171.0,129.87701
172.5,0.16666667,172.5,0.16666667,20700,20,60,1,n2132,172.5,130.42322
172.5,0.16666667,172.5,0.16666667,20700,20,63,1,n2133,172.5,130.42322
172.5,0.16666667,172.5,0.16666667,20700,20,68,1,n2134,172.5,130.42322
172.66667,0.16666667,172.66667,0.16666667,20720,20,61,1,n2135,172.5,130.42322
172.66667,0.16666667,172.66667,0.16666667,20720,20,65,1,n2136,172.5,130.42322
172.66667,0.16666667,172.66667,0.16666667,20720,20,70,1,n2137,172.5,130.42322
172.83333,0.16666667,172.83333,0.16666667,20740,20,60,1,n2138,172.5,130.42322
172.83333,0.16666667,172.83333,0.16666667,20740,20,63,1,n2139,172.5,130.42322
172.83333,0.16666667,172.83333,0.16666667,20740,20,68,1,n2140,172.5,130.42322
173.0,0.16666667,173.0,0.16666667,20760,20,58,1,n2141,172.5,130.42322
173.0,0.16666667,173.0,0.16666667,20760,20,61,1,n2142,172.5,130.42322
173.0,0.16666667,173.0,0.16666667,20760,20,67,1,n2143,172.5,130.42322
173.16667,0.16666667,173.16667,0.16666667,20780,20,60,1,n2144,172.5,130.42322
173.16667,0.16666667,173.16667,0.16666667,20780,20,63,1,n2145,172.5,130.42322
173.16667,0.16666667,173.16667,0.16666667,20780,20,68,1,n2146,172.5,130.42322
173.33333,0.16666667,173.33333,0.16666667,20800,20,58,1,n2147,172.5,130.42322
173.33333,0.16666667,173.33333,0.16666667,20800,20,61,1,n2148,172.5,130.42322
173.33333,0.16666667,173.33333,0.16666667,20800,20,67,1,n2149,172.5,130.42322
173.5,0.16666667,173.5,0.16666667,20820,20,56,1,n2150,173.5,130.94272
173.5,0.16666667,173.5,0.16666667,20820,20,60,1,n2151,173.5,130.94272
173.5,0.16666667,173.5,0.16666667,20820,20,65,1,n2152,173.5,130.94272
173.66667,0.16666667,173.66667,0.16666667,20840,20,58,1,n2153,173.5,130.94272
173.66667,0.16666667,173.66667,0.16666667,20840,20,61,1,n2154,173.5,130.94272
173.66667,0.16666667,173.66667,0.16666667,20840,20,67,1,n2155,173.5,130.94272
173.83333,0.16666667,173.83333,0.16666667,20860,20,56,1,n2156,173.5,130.94272
173.83333,0.16666667,173.83333,0.16666667,20860,20,60,1,n2157,173.5,130.94272
173.83333,0.16666667,173.83333,0.16666667,20860,20,65,1,n2158,173.5,130.94272
174.0,0.16666667,174.0,0.16666667,20880,20,55,1,n2159,173.5,130.94272
174.0,0.16666667,174.0,0.16666667,20880,20,58,1,n2160,173.5,130.94272
174.0,0.16666667,174.0,0.16666667,20880,20,64,1,n2161,173.5,130.94272
174.16667,0.16666667,174.16667,0.16666667,20900,20,56,1,n2162,173.5,130.94272
174.16667,0.16666667,174.16667,0.16666667,20900,20,60,1,n2163,173.5,130.94272
174.16667,0.16666667,174.16667,0.16666667,20900,20,65,1,n2164,173.5,130.94272
174.33333,0.16666667,174.33333,0.16666667,20920,20,55,1,n2165,173.5,130.94272
174.33333,0.16666667,174.33333,0.16666667,20920,20,58,1,n2166,173.5,130.94272
174.33333,0.16666667,174.33333,0.16666667,20920,20,64,1,n2167,173.5,130.94272
174.5,0.16666667,174.5,0.16666667,20940,20,53,5,n2170,174.5,131.88287
174.5,0.16666667,174.5,0.16666667,20940,20,56,5,n2171,174.5,131.88287
174.5,0.16666667,174.5,0.16666667,20940,20,61,5,n2172,174.5,131.88287
174.66667,0.16666667,174.66667,0.16666667,20960,20,55,6,n2195,174.5,131.88287
174.66667,0.16666667,174.66667,0.16666667,20960,20,58,6,n2196,174.5,131.88287
174.66667,0.16666667,174.66667,0.16666667,20960,20,63,6,n2197,174.5,131.88287
174.83333,0.16666667,174.83333,0.16666667,20980,20,53,5,n2173,174.5,131.88287
174.83333,0.16666667,174.83333,0.16666667,20980,20,56,5,n2174,174.5,131.88287
174.83333,0.16666667,174.83333,0.16666667,20980,20,61,5,n2175,174.5,131.88287
175.0,0.16666667,175.0,0.16666667,21000,20,52,5,n2176,174.5,131.88287
175.0,0.16666667,175.0,0.16666667,21000,20,55,5,n2177,174.5,131.88287
175.0,0.16666667,175.0,0.16666667,21000,20,60,5,n2178,174.5,131.88287
175.16667,0.16666667,175.16667,0.16666667,21020,20,53,6,n2200,174.5,131.88287
175.16667,0.16666667,175.16667,0.16666667,21020,20,56,6,n2201,174.5,131.88287
175.16667,0.16666667,175.16667,0.16666667,21020,20,61,6,n2202,174.5,131.88287
175.33333,0.16666667,175.33333,0.16666667,21040,20,52,5,n2179,174.5,131.88287
175.33333,0.16666667,175.33333,0.16666667,21040,20,55,5,n2180,174.5,131.88287
175.33333,0.16666667,175.33333,0.16666667,21040,20,60,5,n2181,174.5,131.88287
175.5,0.16666667,175.5,0.16666667,21060,20,53,5,n2182,175.5,132.63208
175.5,0.16666667,175.5,0.16666667,21060,20,56,5,n2183,175.5,132.63208
175.5,0.16666667,175.5,0.16666667,21060,20,61,5,n2184,175.5,132.63208
175.66667,0.16666667,175.66667,0.16666667,21080,20,55,6,n2205,175.5,132.63208
175.66667,0.16666667,175.66667,0.16666667,21080,20,58,6,n2206,175.5,132.63208
175.66667,0.16666667,175.66667,0.16666667,21080,20,63,6,n2207,175.5,132.63208
175.83333,0.16666667,175.83333,0.16666667,21100,20,53,5,n2185,175.5,132.63208
175.83333,0.16666667,175.83333,0.16666667,21100,20,56,5,n2186,175.5,132.63208
175.83333,0.16666667,175.83333,0.16666667,21100,20,61,5,n2187,175.5,132.63208
176.0,0.16666667,176.0,0.16666667,21120,20,52,5,n2188,175.5,132.63208
176.0,0.16666667,176.0,0.16666667,21120,20,55,5,n2189,175.5,132.63208
176.0,0.16666667,176.0,0.16666667,21120,20,60,5,n2190,175.5,132.63208
176.16667,0.16666667,176.16667,0.16666667,21140,20,53,6,n2210,175.5,132.63208
176.16667,0.16666667,176.16667,0.16666667,21140,20,56,6,n2211,175.5,132.63208
176.16667,0.16666667,176.16667,0.16666667,21140,20,61,6,n2212,175.5,132.63208
176.33333,0.16666667,176.33333,0.16666667,21160,20,52,5,n2191,175.5,132.63208
176.33333,0.16666667,176.33333,0.16666667,21160,20,55,5,n2192,175.5,132.63208
176.33333,0.16666667,176.33333,0.16666667,21160,20,60,5,n2193,175.5,132.63208
176.5,0.16666667,176.5,0.16666667,21180,20,53,5,n2215,176.5,133.25441
176.5,0.16666667,176.5,0.16666667,21180,20,56,5,n2216,176.5,133.25441
176.5,0.16666667,176.5,0.16666667,21180,20,61,5,n2217,176.5,133.25441
176.66667,0.16666667,176.66667,0.16666667,21200,20,55,6,n2240,176.5,133.25441
176.66667,0.16666667,176.66667,0.16666667,21200,20,58,6,n2241,176.5,133.25441
176.66667,0.16666667,176.66667,0.16666667,21200,20,63,6,n2242,176.5,133.25441
176.83333,0.16666667,176.83333,0.16666667,21220,20,53,5,n2218,176.5,133.25441
176.83333,0.16666667,176.83333,0.16666667,21220,20,56,5,n2219,176.5,133.25441
176.83333,0.16666667,176.83333,0.16666667,21220,20,61,5,n2220,176.5,133.25441
177.0,0.16666667,177.0,0.16666667,21240,20,52,5,n2221,176.5,133.25441
177.0,0.16666667,177.0,0.16666667,21240,20,55,5,n2222,176.5,133.25441
177.0,0.16666667,177.0,0.16666667,21240,20,60,5,n2223,176.5,133.25441
177.16667,0.16666667,177.16667,0.16666667,21260,20,53,6,n2245,176.5,133.25441
177.16667,0.16666667,177.16667,0.16666667,21260,20,56,6,n2246,176.5,133.25441
177.16667,0.16666667,177.16667,0.16666667,21260,20,61,6,n2247,176.5,133.25441
177.33333,0.16666667,177.33333,0.16666667,21280,20,52,5,n2224,176.5,133.25441
177.33333,0.16666667,177.33333,0.16666667,21280,20,55,5,n2225,176.5,133.25441
177.33333,0.16666667,177.33333,0.16666667,21280,20,60,5,n2226,176.5,133.25441
177.5,0.16666667,177.5,0.16666667,21300,20,53,5,n2227,177.5,134.05702
177.5,0.16666667,177.5,0.16666667,21300,20,56,5,n2228,177.5,134.05702
177.5,0.16666667,177.5,0.16666667,21300,20,61,5,n2229,177.5,134.05702
177.66667,0.16666667,177.66667,0.16666667,21320,20,55,6,n2250,177.5,134.05702
177.66667,0.16666667,177.66667,0.16666667,21320,20,58,6,n2251,177.5,134.05702
177.66667,0.16666667,177.66667,0.16666667,21320,20,63,6,n2252,177.5,134.05702
177.83333,0.16666667,177.83333,0.16666667,21340,20,53,5,n2230,177.5,134.05702
177.83333,0.16666667,177.83333,0.16666667,21340,20,56,5,n2231,177.5,134.05702
177.83333,0.16666667,177.83333,0.16666667,21340,20,61,5,n2232,177.5,134.05702
178.0,0.16666667,178.0,0.16666667,21360,20,52,5,n2233,177.5,134.05702
178.0,0.16666667,178.0,0.16666667,21360,20,55,5,n2234,177.5,134.05702
178.0,0.16666667,178.0,0.16666667,21360,20,60,5,n2235,177.5,134.05702
178.16667,0.16666667,178.16667,0.16666667,21380,20,53,6,n2255,177.5,134.05702
178.16667,0.16666667,178.16667,0.16666667,21380,20,56,6,n2256,177.5,134.05702
178.16667,0.16666667,178.16667,0.16666667,21380,20,61,6,n2257,177.5,134.05702
178.33333,0.16666667,178.33333,0.16666667,21400,20,52,5,n2236,177.5,134.05702
178.33333,0.16666667,178.33333,0.16666667,21400,20,55,5,n2237,177.5,134.05702
178.33333,0.16666667,178.33333,0.16666667,21400,20,60,5,n2238,177.5,134.05702
178.5,0.16666667,178.5,0.16666667,21420,20,41,5,n2269,178.5,136.1644
178.66667,0.16666667,178.66667,0.16666667,21440,20,48,5,n2270,178.5,136.1644
178.83333,0.16666667,178.83333,0.16666667,21460,20,56,5,n2271,178.5,136.1644
179.0,0.33333334,179.0,0.33333334,21480,40,71,1,n2260,178.5,136.1644
179.0,0.33333334,179.0,0.33333334,21480,40,83,1,n2261,178.5,136.1644
179.0,0.16666667,179.0,0.16666667,21480,20,56,5,n2272,178.5,136.1644
179.16667,0.16666667,179.16667,0.16666667,21500,20,65,5,n2273,178.5,136.1644
179.33333,0.16666667,179.33333,0.16666667,21520,20,72,1,n2262,178.5,136.1644
179.33333,0.16666667,179.33333,0.16666667,21520,20,84,1,n2263,178.5,136.1644
179.33333,0.16666667,179.33333,0.16666667,21520,20,60,5,n2274,178.5,136.1644
179.5,0.16666667,179.5,0.16666667,21540,20,41,5,n2275,179.5,137.588
179.66667,0.16666667,179.66667,0.16666667,21560,20,52,5,n2276,179.5,137.588
179.83333,0.16666667,179.83333,0.16666667,21580,20,58,5,n2277,179.5,137.588
180.0,0.33333334,180.0,0.33333334,21600,40,73,1,n2265,179.5,137.588
180.0,0.33333334,180.0,0.33333334,21600,40,85,1,n2266,179.5,137.588
180.0,0.16666667,180.0,0.16666667,21600,20,55,5,n2278,179.5,137.588
180.16667,0.16666667,180.16667,0.16666667,21620,20,64,5,n2279,179.5,137.588
180.33333,0.16666667,180.33333,0.16666667,21640,20,72,1,n2267,179.5,137.588
180.33333,0.16666667,180.33333,0.16666667,21640,20,84,1,n2268,179.5,137.588
180.33333,0.16666667,180.33333,0.16666667,21640,20,58,5,n2280,179.5,137.588
180.5,0.16666667,180.5,0.16666667,21660,20,41,5,n2292,180.5,138.7739
180.66667,0.16666667,180.66667,0.16666667,21680,20,48,5,n2293,180.5,138.7739
180.83333,0.33333334,180.83333,0.33333334,21700,40,71,1,n2282,180.5,138.7739
180.83333,0.33333334,180.83333,0.33333334,21700,40,83,1,n2283,180.5,138.7739
180.83333,0.16666667,180.83333,0.16666667,21700,20,56,5,n2294,180.5,138.7739
181.0,0.16666667,181.0,0.16666667,21720,20,60,5,n2295,180.5,138.7739
181.0,0.5,181.0,0.5,21720,60,56,6,n2304,180.5,138.7739
181.16667,0.33333334,181.16667,0.33333334,21740,40,73,1,n2284,180.5,138.7739
181.16667,0.33333334,181.16667,0.33333334,21740,40,85,1,n2285,180.5,138.7739
181.16667,0.16666667,181.16667,0.16666667,21740,20,67,5,n2296,180.5,138.7739
181.33333,0.16666667,181.33333,0.16666667,21760,20,65,5,n2297,180.5,138.7739
181.5,0.33333334,181.5,0.33333334,21780,40,72,1,n2286,181.5,139.49104
181.5,0.33333334,181.5,0.33333334,21780,40,84,1,n2287,181.5,139.49104
181.5,0.16666667,181.5,0.16666667,21780,20,58,5,n2298,181.5,139.49104
181.5,0.5,181.5,0.5,21780,60,55,6,n2305,181.5,139.49104
181.66667,0.16666667,181.66667,0.16666667,21800,20,65,5,n2299,181.5,139.49104
181.83333,0.33333334,181.83333,0.33333334,21820,40,80,1,n2288,181.5,139.49104
181.83333,0.33333334,181.83333,0.33333334,21820,40,92,1,n2289,181.5,139.49104
181.83333,0.16666667,181.83333,0.16666667,21820,20,63,5,n2300,181.5,139.49104
182.0,0.16666667,182.0,0.16666667,21840,20,56,5,n2301,181.5,139.49104
182.0,0.5,182.0,0.5,21840,60,53,6,n2306,181.5,139.49104
182.16667,0.33333334,182.16667,0.33333334,21860,40,77,1,n2290,181.5,139.49104
182.16667,0.33333334,182.16667,0.33333334,21860,40,89,1,n2291,181.5,139.49104
182.16667,0.16666667,182.16667,0.16666667,21860,20,63,5,n2302,181.5,139.49104
182.33333,0.16666667,182.33333,0.16666667,21880,20,61,5,n2303,181.5,139.49104
182.5,0.16666667,182.5,0.16666667,21900,20,55,5,n2308,182.5,140.77109
182.5,0.5,182.5,0.5,21900,60,51,6,n2320,182.5,140.77109
182.66667,0.16666667,182.66667,0.16666667,21920,20,61,5,n2309,182.5,140.77109
182.83333,0.16666667,182.83333,0.16666667,21940,20,60,5,n2310,182.5,140.77109
183.0,0.16666667,183.0,0.16666667,21960,20,53,5,n2311,182.5,140.77109
183.0,0.5,183.0,0.5,21960,60,49,6,n2321,182.5,140.77109
183.16667,0.16666667,183.16667,0.16666667,21980,20,60,5,n2312,182.5,140.77109
183.33333,0.16666667,183.33333,0.16666667,22000,20,58,5,n2313,182.5,140.77109
183.5,0.16666667,183.5,0.16666667,22020,20,51,5,n2314,183.5,141.39676
183.5,0.5,183.5,0.5,22020,60,48,6,n2322,183.5,141.39676
183.66667,0.16666667,183.66667,0.16666667,22040,20,58,5,n2315,183.5,141.39676
183.83333,0.16666667,183.83333,0.16666667,22060,20,56,5,n2316,183.5,141.39676
184.0,0.16666667,184.0,0.16666667,22080,20,49,5,n2317,183.5,141.39676
184.0,0.5,184.0,0.5,22080,60,46,6,n2323,183.5,141.39676
184.16667,0.16666667,184.16667,0.16666667,22100,20,56,5,n2318,183.5,141.39676
184.33333,0.16666667,184.33333,0.16666667,22120,20,55,5,n2319,183.5,141.39676
184.5,0.16666667,184.5,0.16666667,22140,20,41,5,n2334,184.5,142.52255
184.66667,0.16666667,184.66667,0.16666667,22160,20,48,5,n2335,184.5,142.52255
184.83333,0.16666667,184.83333,0.16666667,22180,20,56,5,n2336,184.5,142.52255
185.0,0.33333334,185.0,0.33333334,22200,40,71,1,n2325,184.5,142.52255
185.0,0.33333334,185.0,0.33333334,22200,40,83,1,n2326,184.5,142.52255
185.0,0.16666667,185.0,0.16666667,22200,20,56,5,n2337,184.5,142.52255
185.16667,0.16666667,185.16667,0.16666667,22220,20,65,5,n2338,184.5,142.52255
185.33333,0.16666667,185.33333,0.16666667,22240,20,72,1,n2327,184.5,142.52255
185.33333,0.16666667,185.33333,0.16666667,22240,20,84,1,n2328,184.5,142.52255
185.33333,0.16666667,185.33333,0.16666667,22240,20,60,5,n2339,184.5,142.52255
185.5,0.16666667,185.5,0.16666667,22260,20,41,5,n2340,185.5,143.68709
185.66667,0.16666667,185.66667,0.16666667,22280,20,52,5,n2341,185.5,143.68709
185.83333,0.16666667,185.83333,0.16666667,22300,20,58,5,n2342,185.5,143.68709
186.0,0.33333334,186.0,0.33333334,22320,40,73,1,n2330,185.5,143.68709
186.0,0.33333334,186.0,0.33333334,22320,40,85,1,n2331,185.5,143.68709
186.0,0.16666667,186.0,0.16666667,22320,20,55,5,n2343,185.5,143.68709
186.16667,0.16666667,186.16667,0.16666667,22340,20,64,5,n2344,185.5,143.68709
186.33333,0.16666667,186.33333,0.16666667,22360,20,72,1,n2332,185.5,143.68709
186.33333,0.16666667,186.33333,0.16666667,22360,20,84,1,n2333,185.5,143.68709
186.33333,0.16666667,186.33333,0.16666667,22360,20,58,5,n2345,185.5,143.68709
186.5,0.16666667,186.5,0.16666667,22380,20,41,5,n2357,186.5,144.75012
186.66667,0.16666667,186.66667,0.16666667,22400,20,48,5,n2358,186.5,144.75012
186.83333,0.33333334,186.83333,0.33333334,22420,40,71,1,n2347,186.5,144.75012
186.83333,0.33333334,186.83333,0.33333334,22420,40,83,1,n2348,186.5,144.75012
186.83333,0.16666667,186.83333,0.16666667,22420,20,56,5,n2359,186.5,144.75012
187.0,0.16666667,187.0,0.16666667,22440,20,60,5,n2360,186.5,144.75012
187.0,0.5,187.0,0.5,22440,60,56,6,n2369,186.5,144.75012
187.16667,0.33333334,187.16667,0.33333334,22460,40,73,1,n2349,186.5,144.75012
187.16667,0.33333334,187.16667,0.33333334,22460,40,85,1,n2350,186.5,144.75012
187.16667,0.16666667,187.16667,0.16666667,22460,20,67,5,n2361,186.5,144.75012
187.33333,0.16666667,187.33333,0.16666667,22480,20,65,5,n2362,186.5,144.75012
187.5,0.33333334,187.5,0.33333334,22500,40,72,1,n2351,187.5,145.44724
187.5,0.33333334,187.5,0.33333334,22500,40,84,1,n2352,187.5,145.44724
187.5,0.16666667,187.5,0.16666667,22500,20,58,5,n2363,187.5,145.44724
187.5,0.5,187.5,0.5,22500,60,55,6,n2370,187.5,145.44724
187.66667,0.16666667,187.66667,0.16666667,22520,20,65,5,n2364,187.5,145.44724
187.83333,0.33333334,187.83333,0.33333334,22540,40,80,1,n2353,187.5,145.44724
187.83333,0.33333334,187.83333,0.33333334,22540,40,92,1,n2354,187.5,145.44724
187.83333,0.16666667,187.83333,0.16666667,22540,20,63,5,n2365,187.5,145.44724
188.0,0.16666667,188.0,0.16666667,22560,20,56,5,n2366,187.5,145.44724
188.0,0.5,188.0,0.5,22560,60,53,6,n2371,187.5,145.44724
188.16667,0.33333334,188.16667,0.33333334,22580,40,77,1,n2355,187.5,145.44724
188.16667,0.33333334,188.16667,0.33333334,22580,40,89,1,n2356,187.5,145.44724
188.16667,0.16666667,188.16667,0.16666667,22580,20,63,5,n2367,187.5,145.44724
188.33333,0.16666667,188.33333,0.16666667,22600,20,61,5,n2368,187.5,145.44724
188.5,0.16666667,188.5,0.16666667,22620,20,39,5,n2382,188.5,146.62512
188.66667,0.16666667,188.66667,0.16666667,22640,20,48,5,n2383,188.5,146.62512
188.83333,0.16666667,188.83333,0.16666667,22660,20,56,5,n2384,188.5,146.62512
189.0,0.33333334,189.0,0.33333334,22680,40,74,1,n2373,188.5,146.62512
189.0,0.33333334,189.0,0.33333334,22680,40,86,1,n2374,188.5,146.62512
189.0,0.16666667,189.0,0.16666667,22680,20,60,5,n2385,188.5,146.62512
189.16667,0.16666667,189.16667,0.16666667,22700,20,68,5,n2386,188.5,146.62512
189.33333,0.16666667,189.33333,0.16666667,22720,20,75,1,n2375,188.5,146.62512
189.33333,0.16666667,189.33333,0.16666667,22720,20,87,1,n2376,188.5,146.62512
189.33333,0.16666667,189.33333,0.16666667,22720,20,63,5,n2387,188.5,146.62512
189.5,0.16666667,189.5,0.16666667,22740,20,39,5,n2388,189.5,147.47447
189.66667,0.16666667,189.66667,0.16666667,22760,20,49,5,n2389,189.5,147.47447
189.83333,0.16666667,189.83333,0.16666667,22780,20,55,5,n2390,189.5,147.47447
190.0,0.33333334,190.0,0.33333334,22800,40,76,1,n2378,189.5,147.47447
190.0,0.33333334,190.0,0.33333334,22800,40,88,1,n2379,189.5,147.47447
190.0,0.16666667,190.0,0.16666667,22800,20,58,5,n2391,189.5,147.47447
190.16667,0.16666667,190.16667,0.16666667,22820,20,67,5,n2392,189.5,147.47447
190.33333,0.16666667,190.33333,0.16666667,22840,20,75,1,n2380,189.5,147.47447
190.33333,0.16666667,190.33333,0.16666667,22840,20,87,1,n2381,189.5,147.47447
190.33333,0.16666667,190.33333,0.16666667,22840,20,61,5,n2393,189.5,147.47447
190.5,0.16666667,190.5,0.16666667,22860,20,44,5,n2405,190.5,148.39328
190.66667,0.16666667,190.66667,0.16666667,22880,20,51,5,n2406,190.5,148.39328
190.83333,0.33333334,190.83333,0.33333334,22900,40,74,1,n2395,190.5,148.39328
190.83333,0.33333334,190.83333,0.33333334,22900,40,86,1,n2396,190.5,148.39328
190.83333,0.16666667,190.83333,0.16666667,22900,20,60,5,n2407,190.5,148.39328
191.0,0.16666667,191.0,0.16666667,22920,20,63,5,n2408,190.5,148.39328
191.0,0.5,191.0,0.5,22920,60,60,6,n2417,190.5,148.39328
191.16667,0.33333334,191.16667,0.33333334,22940,40,77,1,n2397,190.5,148.39328
191.16667,0.33333334,191.16667,0.33333334,22940,40,89,1,n2398,190.5,148.39328
191.16667,0.16666667,191.16667,0.16666667,22940,20,70,5,n2409,190.5,148.39328
191.33333,0.16666667,191.33333,0.16666667,22960,20,68,5,n2410,190.5,148.39328
191.5,0.33333334,191.5,0.33333334,22980,40,75,1,n2399,191.5,149.05234
191.5,0.33333334,191.5,0.33333334,22980,40,87,1,n2400,191.5,149.05234
191.5,0.16666667,191.5,0.16666667,22980,20,61,5,n2411,191.5,149.05234
191.5,0.5,191.5,0.5,22980,60,58,6,n2418,191.5,149.05234
191.66667,0.16666667,191.66667,0.16666667,23000,20,68,5,n2412,191.5,149.05234
191.83333,0.33333334,191.83333,0.33333334,23020,40,84,1,n2401,191.5,149.05234
191.83333,0.33333334,191.83333,0.33333334,23020,40,96,1,n2402,191.5,149.05234
191.83333,0.16666667,191.83333,0.16666667,23020,20,67,5,n2413,191.5,149.05234
192.0,0.16666667,192.0,0.16666667,23040,20,60,5,n2414,191.5,149.05234
192.0,0.5,192.0,0.5,23040,60,56,6,n2419,191.5,149.05234
192.16667,0.33333334,192.16667,0.33333334,23060,40,80,1,n2403,191.5,149.05234
192.16667,0.33333334,192.16667,0.33333334,23060,40,92,1,n2404,191.5,149.05234
192.16667,0.16666667,192.16667,0.16666667,23060,20,67,5,n2415,191.5,149.05234
192.33333,0.16666667,192.33333,0.16666667,23080,20,65,5,n2416,191.5,149.05234
192.5,0.16666667,192.5,0.16666667,23100,20,43,5,n2430,192.5,150.29366
192.66667,0.16666667,192.66667,0.16666667,23120,20,52,5,n2431,192.5,150.29366
192.83333,0.16666667,192.83333,0.16666667,23140,20,60,5,n2432,192.5,150.29366
193.0,0.33333334,193.0,0.33333334,23160,40,78,1,n2421,192.5,150.29366
193.0,0.33333334,193.0,0.33333334,23160,40,90,1,n2422,192.5,150.29366
193.0,0.16666667,193.0,0.16666667,23160,20,55,5,n2433,192.5,150.29366
193.16667,0.16666667,193.16667,0.16666667,23180,20,64,5,n2434,192.5,150.29366
193.33333,0.16666667,193.33333,0.16666667,23200,20,79,1,n2423,192.5,150.29366
193.33333,0.16666667,193.33333,0.16666667,23200,20,91,1,n2424,192.5,150.29366
193.33333,0.16666667,193.33333,0.16666667,23200,20,60,5,n2435,192.5,150.29366
193.5,0.16666667,193.5,0.16666667,23220,20,43,5,n2436,193.5,151.05754
193.66667,0.16666667,193.66667,0.16666667,23240,20,50,5,n2437,193.5,151.05754
193.83333,0.16666667,193.83333,0.16666667,23260,20,59,5,n2438,193.5,151.05754
194.0,0.33333334,194.0,0.33333334,23280,40,80,1,n2426,193.5,151.05754
194.0,0.33333334,194.0,0.33333334,23280,40,92,1,n2427,193.5,151.05754
194.0,0.16666667,194.0,0.16666667,23280,20,53,5,n2439,193.5,151.05754
194.16667,0.16666667,194.16667,0.16666667,23300,20,62,5,n2440,193.5,151.05754
194.33333,0.16666667,194.33333,0.16666667,23320,20,79,1,n2428,193.5,151.05754
194.33333,0.16666667,194.33333,0.16666667,23320,20,91,1,n2429,193.5,151.05754
194.33333,0.16666667,194.33333,0.16666667,23320,20,59,5,n2441,193.5,151.05754
194.5,0.16666667,194.5,0.16666667,23340,20,43,5,n2456,194.5,152.0311
194.66667,0.16666667,194.66667,0.16666667,23360,20,52,5,n2457,194.5,152.0311
194.83333,0.16666667,194.83333,0.16666667,23380,20,60,5,n2458,194.5,152.0311
195.0,0.33333334,195.0,0.33333334,23400,40,78,1,n2443,194.5,152.0311
195.0,0.33333334,195.0,0.33333334,23400,40,90,1,n2444,194.5,152.0311
195.0,0.16666667,195.0,0.16666667,23400,20,55,5,n2459,194.5,152.0311
195.16667,0.16666667,195.16667,0.16666667,23420,20,64,5,n2460,194.5,152.0311
195.33333,0.16666667,195.33333,0.16666667,23440,20,79,1,n2445,194.5,152.0311
195.33333,0.16666667,195.33333,0.16666667,23440,20,91,1,n2446,194.5,152.0311
195.33333,0.16666667,195.33333,0.16666667,23440,20,60,5,n2461,194.5,152.0311
195.5,0.25,195.5,0.25,23460,30,80,1,n2447,195.5,153.018
195.5,0.25,195.5,0.25,23460,30,92,1,n2448,195.5,153.018
195.5,0.16666667,195.5,0.16666667,23460,20,43,5,n2462,195.5,153.018
195.66667,0.16666667,195.66667,0.16666667,23480,20,53,5,n2463,195.5,153.018
195.75,0.25,195.75,0.25,23490,30,79,1,n2449,195.5,153.018
195.75,0.25,195.75,0.25,23490,30,91,1,n2450,195.5,153.018
195.83333,0.16666667,195.83333,0.16666667,23500,20,59,5,n2464,195.5,153.018
196.0,0.25,196.0,0.25,23520,30,89,1,n2451,195.5,153.018
196.0,0.25,196.0,0.25,23520,30,101,1,n2452,195.5,153.018
196.0,0.16666667,196.0,0.16666667,23520,20,62,5,n2465,195.5,153.018
196.16667,0.16666667,196.16667,0.16666667,23540,20,68,5,n2466,195.5,153.018
196.33333,0.16666667,196.33333,0.16666667,23560,20,71,5,n2467,195.5,153.018
196.375,0.125,196.375,0.125,23565,15,88,1,n2454,195.5,153.018
196.375,0.125,196.375,0.125,23565,15,100,1,n2455,195.5,153.018
196.5,1.0,196.5,1.0,23580,120,84,1,n2468,196.5,157.15396
196.5,1.0,196.5,1.0,23580,120,96,1,n2469,196.5,157.15396
196.5,0.16666667,196.5,0.16666667,23580,20,48,5,n2471,196.5,157.15396
196.66667,0.16666667,196.66667,0.16666667,23600,20,60,5,n2472,196.5,157.15396
196.83333,0.16666667,196.83333,0.16666667,23620,20,55,5,n2473,196.5,157.15396
197.0,0.16666667,197.0,0.16666667,23640,20,64,5,n2474,196.5,157.15396
197.16667,0.16666667,197.16667,0.16666667,23660,20,60,5,n2475,196.5,157.15396
197.33333,0.16666667,197.33333,0.16666667,23680,20,67,5,n2476,196.5,157.15396
197.5,0.16666667,197.5,0.16666667,23700,20,64,5,n2477,197.5,158.39594
197.66667,0.16666667,197.66667,0.16666667,23720,20,72,5,n2478,197.5,158.39594
197.83333,0.16666667,197.83333,0.16666667,23740,20,60,5,n2479,197.5,158.39594
198.0,0.16666667,198.0,0.16666667,23760,20,67,5,n2480,197.5,158.39594
198.16667,0.16666667,198.16667,0.16666667,23780,20,64,5,n2481,197.5,158.39594
198.33333,0.16666667,198.33333,0.16666667,23800,20,72,5,n2482,197.5,158.39594
198.5,1.0,198.5,1.0,23820,120,84,1,n2483,198.5,159.44762
198.5,1.0,198.5,1.0,23820,120,96,1,n2484,198.5,159.44762
198.5,0.16666667,198.5,0.16666667,23820,20,45,5,n2489,198.5,159.44762
198.66667,0.16666667,198.66667,0.16666667,23840,20,57,5,n2490,198.5,159.44762
198.83333,0.16666667,198.83333,0.16666667,23860,20,52,5,n2491,198.5,159.44762
199.0,0.16666667,199.0,0.16666667,23880,20,60,5,n2492,198.5,159.44762
199.16667,0.16666667,199.16667,0.16666667,23900,20,57,5,n2493,198.5,159.44762
199.33333,0.16666667,199.33333,0.16666667,23920,20,64,5,n2494,198.5,159.44762
199.5,0.75,199.5,0.75,23940,90,84,1,n2485,199.5,160.88393
199.5,0.75,199.5,0.75,23940,90,96,1,n2486,199.5,160.88393
199.5,0.16666667,199.5,0.16666667,23940,20,60,5,n2495,199.5,160.88393
199.66667,0.16666667,199.66667,0.16666667,23960,20,69,5,n2496,199.5,160.88393
199.83333,0.16666667,199.83333,0.16666667,23980,20,64,5,n2497,199.5,160.88393
200.0,0.16666667,200.0,0.16666667,24000,20,72,5,n2498,199.5,160.88393
200.16667,0.16666667,200.16667,0.16666667,24020,20,60,5,n2499,199.5,160.88393
200.25,0.25,200.25,0.25,24030,30,84,1,n2487,199.5,160.88393
200.25,0.25,200.25,0.25,24030,30,96,1,n2488,199.5,160.88393
200.33333,0.16666667,200.33333,0.16666667,24040,20,69,5,n2500,199.5,160.88393
200.5,1.0,200.5,1.0,24060,120,84,1,n2501,200.5,161.84012
200.5,1.0,200.5,1.0,24060,120,96,1,n2502,200.5,161.84012
200.5,0.16666667,200.5,0.16666667,24060,20,45,5,n2505,200.5,161.84012
200.66667,0.16666667,200.66667,0.16666667,24080,20,54,5,n2506,200.5,161.84012
200.83333,0.16666667,200.83333,0.16666667,24100,20,51,5,n2507,200.5,161.84012
201.0,0.16666667,201.0,0.16666667,24120,20,60,5,n2508,200.5,161.84012
201.16667,0.16666667,201.16667,0.16666667,24140,20,57,5,n2509,200.5,161.84012
201.33333,0.16666667,201.33333,0.16666667,24160,20,66,5,n2510,200.5,161.84012
201.5,1.5,201.5,1.5,24180,180,83,1,n2503,201.5,162.52388
201.5,1.5,201.5,1.5,24180,180,95,1,n2504,201.5,162.52388
201.5,0.16666667,201.5,0.16666667,24180,20,63,5,n2511,201.5,162.52388
201.66667,0.16666667,201.66667,0.16666667,24200,20,71,5,n2512,201.5,162.52388
201.83333,0.16666667,201.83333,0.16666667,24220,20,57,5,n2513,201.5,162.52388
202.0,0.16666667,202.0,0.16666667,24240,20,66,5,n2514,201.5,162.52388
202.16667,0.16666667,202.16667,0.16666667,24260,20,63,5,n2515,201.5,162.52388
202.33333,0.16666667,202.33333,0.16666667,24280,20,71,5,n2516,201.5,162.52388
202.5,0.16666667,202.5,0.16666667,24300,20,45,5,n2525,202.5,163.36923
202.66667,0.16666667,202.66667,0.16666667,24320,20,56,5,n2526,202.5,163.36923
202.83333,0.16666667,202.83333,0.16666667,24340,20,53,5,n2527,202.5,163.36923
203.0,0.5,203.0,0.5,24360,60,83,1,n2519,202.5,163.36923
203.0,0.5,203.0,0.5,24360,60,95,1,n2520,202.5,163.36923
203.0,0.16666667,203.0,0.16666667,24360,20,62,5,n2528,202.5,163.36923
203.16667,0.16666667,203.16667,0.16666667,24380,20,56,5,n2529,202.5,163.36923
203.33333,0.16666667,203.33333,0.16666667,24400,20,65,5,n2530,202.5,163.36923
203.5,0.5,203.5,0.5,24420,60,84,1,n2521,203.5,164.01025
203.5,0.5,203.5,0.5,24420,60,96,1,n2522,203.5,164.01025
203.5,0.16666667,203.5,0.16666667,24420,20,62,5,n2531,203.5,164.01025
203.66667,0.16666667,203.66667,0.16666667,24440,20,71,5,n2532,203.5,164.01025
203.83333,0.16666667,203.83333,0.16666667,24460,20,56,5,n2533,203.5,164.01025
204.0,0.5,204.0,0.5,24480,60,86,1,n2523,203.5,164.01025
204.0,0.5,204.0,0.5,24480,60,98,1,n2524,203.5,164.01025
204.0,0.16666667,204.0,0.16666667,24480,20,65,5,n2534,203.5,164.01025
204.16667,0.16666667,204.16667,0.16666667,24500,20,62,5,n2535,203.5,164.01025
204.33333,0.16666667,204.33333,0.16666667,24520,20,71,5,n2536,203.5,164.01025
204.5,0.75,204.5,0.75,24540,90,88,1,n2537,204.5,165.03856
204.5,0.75,204.5,0.75,24540,90,100,1,n2538,204.5,165.03856
204.5,0.16666667,204.5,0.16666667,24540,20,45,5,n2543,204.5,165.03856
204.66667,0.16666667,204.66667,0.16666667,24560,20,57,5,n2544,204.5,165.03856
204.83333,0.16666667,204.83333,0.16666667,24580,20,52,5,n2545,204.5,165.03856
205.0,0.16666667,205.0,0.16666667,24600,20,60,5,n2546,204.5,165.03856
205.16667,0.16666667,205.16667,0.16666667,24620,20,57,5,n2547,204.5,165.03856
205.25,0.25,205.25,0.25,24630,30,84,1,n2539,204.5,165.03856
205.25,0.25,205.25,0.25,24630,30,96,1,n2540,204.5,165.03856
205.33333,0.16666667,205.33333,0.16666667,24640,20,64,5,n2548,204.5,165.03856
205.5,1.0,205.5,1.0,24660,120,81,1,n2541,205.5,165.936
205.5,1.0,205.5,1.0,24660,120,93,1,n2542,205.5,165.936
205.5,0.16666667,205.5,0.16666667,24660,20,60,5,n2549,205.5,165.936
205.66667,0.16666667,205.66667,0.16666667,24680,20,69,5,n2550,205.5,165.936
205.83333,0.16666667,205.83333,0.16666667,24700,20,57,5,n2551,205.5,165.936
206.0,0.16666667,206.0,0.16666667,24720,20,64,5,n2552,205.5,165.936
206.16667,0.16666667,206.16667,0.16666667,24740,20,60,5,n2553,205.5,165.936
206.33333,0.16666667,206.33333,0.16666667,24760,20,69,5,n2554,205.5,165.936
206.5,1.0,206.5,1.0,24780,120,72,1,n2555,206.5,167.05913
206.5,1.0,206.5,1.0,24780,120,84,1,n2556,206.5,167.05913
206.5,0.16666667,206.5,0.16666667,24780,20,45,5,n2561,206.5,167.05913
206.66667,0.16666667,206.66667,0.16666667,24800,20,57,5,n2562,206.5,167.05913
206.83333,0.16666667,206.83333,0.16666667,24820,20,52,5,n2563,206.5,167.05913
207.0,0.16666667,207.0,0.16666667,24840,20,60,5,n2564,206.5,167.05913
207.16667,0.16666667,207.16667,0.16666667,24860,20,57,5,n2565,206.5,167.05913
207.33333,0.16666667,207.33333,0.16666667,24880,20,64,5,n2566,206.5,167.05913
207.5,0.75,207.5,0.75,24900,90,72,1,n2557,207.5,167.79497
207.5,0.75,207.5,0.75,24900,90,84,1,n2558,207.5,167.79497
207.5,0.16666667,207.5,0.16666667,24900,20,60,5,n2567,207.5,167.79497
207.66667,0.16666667,207.66667,0.16666667,24920,20,69,5,n2568,207.5,167.79497
207.83333,0.16666667,207.83333,0.16666667,24940,20,57,5,n2569,207.5,167.79497
208.0,0.16666667,208.0,0.16666667,24960,20,64,5,n2570,207.5,167.79497
208.16667,0.16666667,208.16667,0.16666667,24980,20,60,5,n2571,207.5,167.79497
208.25,0.25,208.25,0.25,24990,30,72,1,n2559,207.5,167.79497
208.25,0.25,208.25,0.25,24990,30,84,1,n2560,207.5,167.79497
208.33333,0.16666667,208.33333,0.16666667,25000,20,69,5,n2572,207.5,167.79497
208.5,1.5,208.5,1.5,25020,180,72,1,n2573,208.5,168.66302
208.5,1.5,208.5,1.5,25020,180,84,1,n2574,208.5,168.66302
208.5,0.16666667,208.5,0.16666667,25020,20,45,5,n2577,208.5,168.66302
208.66667,0.16666667,208.66667,0.16666667,25040,20,54,5,n2578,208.5,168.66302
208.83333,0.16666667,208.83333,0.16666667,25060,20,51,5,n2579,208.5,168.66302
209.0,0.16666667,209.0,0.16666667,25080,20,57,5,n2580,208.5,168.66302
209.16667,0.16666667,209.16667,0.16666667,25100,20,54,5,n2581,208.5,168.66302
209.33333,0.16666667,209.33333,0.16666667,25120,20,63,5,n2582,208.5,168.66302
209.5,0.16666667,209.5,0.16666667,25140,20,57,5,n2583,209.5,169.272
209.66667,0.16666667,209.66667,0.16666667,25160,20,66,5,n2584,209.5,169.272
209.83333,0.16666667,209.83333,0.16666667,25180,20,54,5,n2585,209.5,169.272
210.0,1.0,210.0,1.0,25200,120,71,1,n2575,209.5,169.272
210.0,1.0,210.0,1.0,25200,120,83,1,n2576,209.5,169.272
210.0,0.16666667,210.0,0.16666667,25200,20,63,5,n2586,209.5,169.272
210.16667,0.16666667,210.16667,0.16666667,25220,20,57,5,n2587,209.5,169.272
210.33333,0.16666667,210.33333,0.16666667,25240,20,66,5,n2588,209.5,169.272
210.5,0.16666667,210.5,0.16666667,25260,20,44,5,n2597,210.5,170.22018
210.66667,0.16666667,210.66667,0.16666667,25280,20,54,5,n2598,210.5,170.22018
210.83333,0.16666667,210.83333,0.16666667,25300,20,51,5,n2599,210.5,170.22018
211.0,0.5,211.0,0.5,25320,60,72,1,n2591,210.5,170.22018
211.0,0.5,211.0,0.5,25320,60,84,1,n2592,210.5,170.22018
211.0,0.16666667,211.0,0.16666667,25320,20,57,5,n2600,210.5,170.22018
211.16667,0.16666667,211.16667,0.16666667,25340,20,54,5,n2601,210.5,170.22018
211.33333,0.16666667,211.33333,0.16666667,25360,20,63,5,n2602,210.5,170.22018
211.5,0.5,211.5,0.5,25380,60,73,1,n2593,211.5,170.87723
211.5,0.5,211.5,0.5,25380,60,85,1,n2594,211.5,170.87723
211.5,0.16666667,211.5,0.16666667,25380,20,56,5,n2603,211.5,170.87723
211.66667,0.16666667,211.66667,0.16666667,25400,20,66,5,n2604,211.5,170.87723
211.83333,0.16666667,211.83333,0.16666667,25420,20,54,5,n2605,211.5,170.87723
212.0,0.5,212.0,0.5,25440,60,75,1,n2595,211.5,170.87723
212.0,0.5,212.0,0.5,25440,60,87,1,n2596,211.5,170.87723
212.0,0.16666667,212.0,0.16666667,25440,20,60,5,n2606,211.5,170.87723
212.16667,0.16666667,212.16667,0.16666667,25460,20,56,5,n2607,211.5,170.87723
212.33333,0.16666667,212.33333,0.16666667,25480,20,66,5,n2608,211.5,170.87723
212.5,0.75,212.5,0.75,25500,90,77,1,n2609,212.5,171.97632
212.5,0.75,212.5,0.75,25500,90,89,1,n2610,212.5,171.97632
212.5,0.16666667,212.5,0.16666667,25500,20,37,5,n2615,212.5,171.97632
212.66667,0.16666667,212.66667,0.16666667,25520,20,49,5,n2616,212.5,171.97632
212.83333,0.16666667,212.83333,0.16666667,25540,20,44,5,n2617,212.5,171.97632
213.0,0.16666667,213.0,0.16666667,25560,20,53,5,n2618,212.5,171.97632
213.16667,0.16666667,213.16667,0.16666667,25580,20,49,5,n2619,212.5,171.97632
213.25,0.25,213.25,0.25,25590,30,73,1,n2611,212.5,171.97632
213.25,0.25,213.25,0.25,25590,30,85,1,n2612,212.5,171.97632
213.33333,0.16666667,213.33333,0.16666667,25600,20,56,5,n2620,212.5,171.97632
213.5,1.0,213.5,1.0,25620,120,68,1,n2613,213.5,172.86575
213.5,1.0,213.5,1.0,25620,120,80,1,n2614,213.5,172.86575
213.5,0.16666667,213.5,0.16666667,25620,20,53,5,n2621,213.5,172.86575
213.66667,0.16666667,213.66667,0.16666667,25640,20,61,5,n2622,213.5,172.86575
213.83333,0.16666667,213.83333,0.16666667,25660,20,56,5,n2623,213.5,172.86575
214.0,0.16666667,214.0,0.16666667,25680,20,65,5,n2624,213.5,172.86575
214.16667,0.16666667,214.16667,0.16666667,25700,20,53,5,n2625,213.5,172.86575
214.33333,0.16666667,214.33333,0.16666667,25720,20,61,5,n2626,213.5,172.86575
214.5,1.0,214.5,1.0,25740,120,82,1,n2627,214.5,173.858
214.5,1.0,214.5,1.0,25740,120,94,1,n2628,214.5,173.858
214.5,0.16666667,214.5,0.16666667,25740,20,37,5,n2633,214.5,173.858
214.66667,0.16666667,214.66667,0.16666667,25760,20,46,5,n2634,214.5,173.858
214.83333,0.16666667,214.83333,0.16666667,25780,20,43,5,n2635,214.5,173.858
215.0,0.16666667,215.0,0.16666667,25800,20,52,5,n2636,214.5,173.858
215.16667,0.16666667,215.16667,0.16666667,25820,20,49,5,n2637,214.5,173.858
215.33333,0.16666667,215.33333,0.16666667,25840,20,58,5,n2638,214.5,173.858
215.5,0.75,215.5,0.75,25860,90,82,1,n2629,215.5,174.47766
215.5,0.75,215.5,0.75,25860,90,94,1,n2630,215.5,174.47766
215.5,0.16666667,215.5,0.16666667,25860,20,55,5,n2639,215.5,174.47766
215.66667,0.16666667,215.66667,0.16666667,25880,20,64,5,n2640,215.5,174.47766
215.83333,0.16666667,215.83333,0.16666667,25900,20,49,5,n2641,215.5,174.47766
216.0,0.16666667,216.0,0.16666667,25920,20,58,5,n2642,215.5,174.47766
216.16667,0.16666667,216.16667,0.16666667,25940,20,55,5,n2643,215.5,174.47766
216.25,0.25,216.25,0.25,25950,30,82,1,n2631,215.5,174.47766
216.25,0.25,216.25,0.25,25950,30,94,1,n2632,215.5,174.47766
216.33333,0.16666667,216.33333,0.16666667,25960,20,64,5,n2644,215.5,174.47766
216.5,1.3333334,216.5,1.3333334,25980,160,82,1,n2645,216.5,175.26358
216.5,1.3333334,216.5,1.3333334,25980,160,94,1,n2646,216.5,175.26358
216.5,0.16666667,216.5,0.16666667,25980,20,37,5,n2653,216.5,175.26358
216.66667,0.16666667,216.66667,0.16666667,26000,20,49,5,n2654,216.5,175.26358
216.83333,0.16666667,216.83333,0.16666667,26020,20,44,5,n2655,216.5,175.26358
217.0,0.16666667,217.0,0.16666667,26040,20,53,5,n2656,216.5,175.26358
217.16667,0.16666667,217.16667,0.16666667,26060,20,49,5,n2657,216.5,175.26358
217.33333,0.16666667,217.33333,0.16666667,26080,20,56,5,n2658,216.5,175.26358
217.5,0.16666667,217.5,0.16666667,26100,20,53,5,n2659,217.5,176.06018
217.66667,0.16666667,217.66667,0.16666667,26120,20,61,5,n2660,217.5,176.06018
217.83333,0.33333334,217.83333,0.33333334,26140,40,80,1,n2649,217.5,176.06018
217.83333,0.33333334,217.83333,0.33333334,26140,40,92,1,n2650,217.5,176.06018
217.83333,0.16666667,217.83333,0.16666667,26140,20,56,5,n2661,217.5,176.06018
218.0,0.16666667,218.0,0.16666667,26160,20,65,5,n2662,217.5,176.06018
218.16667,0.33333334,218.16667,0.33333334,26180,40,77,1,n2651,217.5,176.06018
218.16667,0.33333334,218.16667,0.33333334,26180,40,89,1,n2652,217.5,176.06018
218.16667,0.16666667,218.16667,0.16666667,26180,20,53,5,n2663,217.5,176.06018
218.33333,0.16666667,218.33333,0.16666667,26200,20,61,5,n2664,217.5,176.06018
218.5,1.25,218.5,1.25,26220,150,77,1,n2665,218.5,176.9229
218.5,1.25,218.5,1.25,26220,150,89,1,n2666,218.5,176.9229
218.5,0.16666667,218.5,0.16666667,26220,20,37,5,n2675,218.5,176.9229
218.66667,0.16666667,218.66667,0.16666667,26240,20,48,5,n2676,218.5,176.9229
218.83333,0.16666667,218.83333,0.16666667,26260,20,45,5,n2677,218.5,176.9229
219.0,0.16666667,219.0,0.16666667,26280,20,54,5,n2678,218.5,176.9229
219.16667,0.16666667,219.16667,0.16666667,26300,20,48,5,n2679,218.5,176.9229
219.33333,0.16666667,219.33333,0.16666667,26320,20,57,5,n2680,218.5,176.9229
219.5,0.16666667,219.5,0.16666667,26340,20,54,5,n2681,219.5,177.43172
219.66667,0.16666667,219.66667,0.16666667,26360,20,63,5,n2682,219.5,177.43172
219.75,0.25,219.75,0.25,26370,30,75,1,n2669,219.5,177.43172
219.75,0.25,219.75,0.25,26370,30,87,1,n2670,219.5,177.43172
219.83333,0.16666667,219.83333,0.16666667,26380,20,48,5,n2683,219.5,177.43172
220.0,0.25,220.0,0.25,26400,30,72,1,n2671,219.5,177.43172
220.0,0.25,220.0,0.25,26400,30,84,1,n2672,219.5,177.43172
220.0,0.16666667,220.0,0.16666667,26400,20,57,5,n2684,219.5,177.43172
220.16667,0.16666667,220.16667,0.16666667,26420,20,54,5,n2685,219.5,177.43172
220.25,0.25,220.25,0.25,26430,30,69,1,n2673,219.5,177.43172
220.25,0.25,220.25,0.25,26430,30,81,1,n2674,219.5,177.43172
220.33333,0.16666667,220.33333,0.16666667,26440,20,63,5,n2686,219.5,177.43172
220.5,1.25,220.5,1.25,26460,150,69,1,n2687,220.5,178.27573
220.5,1.25,220.5,1.25,26460,150,81,1,n2688,220.5,178.27573
220.5,0.16666667,220.5,0.16666667,26460,20,37,5,n2697,220.5,178.27573
220.66667,0.16666667,220.66667,0.16666667,26480,20,49,5,n2698,220.5,178.27573
220.83333,0.16666667,220.83333,0.16666667,26500,20,44,5,n2699,220.5,178.27573
221.0,0.16666667,221.0,0.16666667,26520,20,53,5,n2700,220.5,178.27573
221.16667,0.16666667,221.16667,0.16666667,26540,20,49,5,n2701,220.5,178.27573
221.33333,0.16666667,221.33333,0.16666667,26560,20,56,5,n2702,220.5,178.27573
221.5,0.16666667,221.5,0.16666667,26580,20,53,5,n2703,221.5,178.85799
221.66667,0.16666667,221.66667,0.16666667,26600,20,61,5,n2704,221.5,178.85799
221.75,0.25,221.75,0.25,26610,30,68,1,n2691,221.5,178.85799
221.75,0.25,221.75,0.25,26610,30,80,1,n2692,221.5,178.85799
221.83333,0.16666667,221.83333,0.16666667,26620,20,56,5,n2705,221.5,178.85799
222.0,0.25,222.0,0.25,26640,30,73,1,n2693,221.5,178.85799
222.0,0.25,222.0,0.25,26640,30,85,1,n2694,221.5,178.85799
222.0,0.16666667,222.0,0.16666667,26640,20,65,5,n2706,221.5,178.85799
222.16667,0.16666667,222.16667,0.16666667,26660,20,53,5,n2707,221.5,178.85799
222.25,0.25,222.25,0.25,26670,30,77,1,n2695,221.5,178.85799
222.25,0.25,222.25,0.25,26670,30,89,1,n2696,221.5,178.85799
222.33333,0.16666667,222.33333,0.16666667,26680,20,61,5,n2708,221.5,178.85799
222.5,1.0,222.5,1.0,26700,120,82,1,n2709,222.5,179.77814
222.5,1.0,222.5,1.0,26700,120,94,1,n2710,222.5,179.77814
222.5,0.16666667,222.5,0.16666667,26700,20,37,5,n2715,222.5,179.77814
222.66667,0.16666667,222.66667,0.16666667,26720,20,46,5,n2716,222.5,179.77814
222.83333,0.16666667,222.83333,0.16666667,26740,20,43,5,n2717,222.5,179.77814
223.0,0.16666667,223.0,0.16666667,26760,20,52,5,n2718,222.5,179.77814
223.16667,0.16666667,223.16667,0.16666667,26780,20,49,5,n2719,222.5,179.77814
223.33333,0.16666667,223.33333,0.16666667,26800,20,58,5,n2720,222.5,179.77814
223.5,0.75,223.5,0.75,26820,90,82,1,n2711,223.5,180.32167
223.5,0.75,223.5,0.75,26820,90,94,1,n2712,223.5,180.32167
223.5,0.16666667,223.5,0.16666667,26820,20,55,5,n2721,223.5,180.32167
223.66667,0.16666667,223.66667,0.16666667,26840,20,64,5,n2722,223.5,180.32167
223.83333,0.16666667,223.83333,0.16666667,26860,20,49,5,n2723,223.5,180.32167
224.0,0.16666667,224.0,0.16666667,26880,20,58,5,n2724,223.5,180.32167
224.16667,0.16666667,224.16667,0.16666667,26900,20,55,5,n2725,223.5,180.32167
224.25,0.25,224.25,0.25,26910,30,82,1,n2713,223.5,180.32167
224.25,0.25,224.25,0.25,26910,30,94,1,n2714,223.5,180.32167
224.33333,0.16666667,224.33333,0.16666667,26920,20,64,5,n2726,223.5,180.32167
224.5,1.3333334,224.5,1.3333334,26940,160,82,1,n2727,224.5,181.04816
224.5,1.3333334,224.5,1.3333334,26940,160,94,1,n2728,224.5,181.04816
224.5,0.16666667,224.5,0.16666667,26940,20,37,5,n2735,224.5,181.04816
224.66667,0.16666667,224.66667,0.16666667,26960,20,49,5,n2736,224.5,181.04816
224.83333,0.16666667,224.83333,0.16666667,26980,20,44,5,n2737,224.5,181.04816
225.0,0.16666667,225.0,0.16666667,27000,20,53,5,n2738,224.5,181.04816
225.16667,0.16666667,225.16667,0.16666667,27020,20,49,5,n2739,224.5,181.04816
225.33333,0.16666667,225.33333,0.16666667,27040,20,56,5,n2740,224.5,181.04816
225.5,0.16666667,225.5,0.16666667,27060,20,53,5,n2741,225.5,181.64378
225.66667,0.16666667,225.66667,0.16666667,27080,20,61,5,n2742,225.5,181.64378
225.83333,0.33333334,225.83333,0.33333334,27100,40,80,1,n2731,225.5,181.64378
225.83333,0.33333334,225.83333,0.33333334,27100,40,92,1,n2732,225.5,181.64378
225.83333,0.16666667,225.83333,0.16666667,27100,20,56,5,n2743,225.5,181.64378
226.0,0.16666667,226.0,0.16666667,27120,20,65,5,n2744,225.5,181.64378
226.16667,0.33333334,226.16667,0.33333334,27140,40,77,1,n2733,225.5,181.64378
226.16667,0.33333334,226.16667,0.33333334,27140,40,89,1,n2734,225.5,181.64378
226.16667,0.16666667,226.16667,0.16666667,27140,20,53,5,n2745,225.5,181.64378
226.33333,0.16666667,226.33333,0.16666667,27160,20,61,5,n2746,225.5,181.64378
226.5,1.25,226.5,1.25,27180,150,77,1,n2747,226.5,182.42636
226.5,1.25,226.5,1.25,27180,150,89,1,n2748,226.5,182.42636
226.5,0.16666667,226.5,0.16666667,27180,20,37,5,n2757,226.5,182.42636
226.66667,0.16666667,226.66667,0.16666667,27200,20,48,5,n2758,226.5,182.42636
226.83333,0.16666667,226.83333,0.16666667,27220,20,45,5,n2759,226.5,182.42636
227.0,0.16666667,227.0,0.16666667,27240,20,54,5,n2760,226.5,182.42636
227.16667,0.16666667,227.16667,0.16666667,27260,20,48,5,n2761,226.5,182.42636
227.33333,0.16666667,227.33333,0.16666667,27280,20,57,5,n2762,226.5,182.42636
227.5,0.16666667,227.5,0.16666667,27300,20,54,5,n2763,227.5,182.86707
227.66667,0.16666667,227.66667,0.16666667,27320,20,63,5,n2764,227.5,182.86707
227.75,0.25,227.75,0.25,27330,30,75,1,n2751,227.5,182.86707
227.75,0.25,227.75,0.25,27330,30,87,1,n2752,227.5,182.86707
227.83333,0.16666667,227.83333,0.16666667,27340,20,48,5,n2765,227.5,182.86707
228.0,0.25,228.0,0.25,27360,30,72,1,n2753,227.5,182.86707
228.0,0.25,228.0,0.25,27360,30,84,1,n2754,227.5,182.86707
228.0,0.16666667,228.0,0.16666667,27360,20,57,5,n2766,227.5,182.86707
228.16667,0.16666667,228.16667,0.16666667,27380,20,54,5,n2767,227.5,182.86707
228.25,0.25,228.25,0.25,27390,30,69,1,n2755,227.5,182.86707
228.25,0.25,228.25,0.25,27390,30,81,1,n2756,227.5,182.86707
228.33333,0.16666667,228.33333,0.16666667,27400,20,63,5,n2768,227.5,182.86707
228.5,1.25,228.5,1.25,27420,150,69,1,n2769,228.5,183.69907
228.5,1.25,228.5,1.25,27420,150,81,1,n2770,228.5,183.69907
228.5,0.16666667,228.5,0.16666667,27420,20,37,5,n2779,228.5,183.69907
228.66667,0.16666667,228.66667,0.16666667,27440,20,49,5,n2780,228.5,183.69907
228.83333,0.16666667,228.83333,0.16666667,27460,20,44,5,n2781,228.5,183.69907
229.0,0.16666667,229.0,0.16666667,27480,20,53,5,n2782,228.5,183.69907
229.16667,0.16666667,229.16667,0.16666667,27500,20,49,5,n2783,228.5,183.69907
229.33333,0.16666667,229.33333,0.16666667,27520,20,58,5,n2784,228.5,183.69907
229.5,0.16666667,229.5,0.16666667,27540,20,53,5,n2785,229.5,184.25061
229.66667,0.16666667,229.66667,0.16666667,27560,20,61,5,n2786,229.5,184.25061
229.75,0.25,229.75,0.25,27570,30,70,1,n2773,229.5,184.25061
229.75,0.25,229.75,0.25,27570,30,82,1,n2774,229.5,184.25061
229.83333,0.16666667,229.83333,0.16666667,27580,20,56,5,n2787,229.5,184.25061
230.0,0.25,230.0,0.25,27600,30,73,1,n2775,229.5,184.25061
230.0,0.25,230.0,0.25,27600,30,85,1,n2776,229.5,184.25061
230.0,0.16666667,230.0,0.16666667,27600,20,65,5,n2788,229.5,184.25061
230.16667,0.16666667,230.16667,0.16666667,27620,20,53,5,n2789,229.5,184.25061
230.25,0.25,230.25,0.25,27630,30,77,1,n2777,229.5,184.25061
230.25,0.25,230.25,0.25,27630,30,89,1,n2778,229.5,184.25061
230.33333,0.16666667,230.33333,0.16666667,27640,20,61,5,n2790,229.5,184.25061
230.5,1.0,230.5,1.0,27660,120,82,1,n2791,230.5,185.12802
230.5,1.0,230.5,1.0,27660,120,94,1,n2792,230.5,185.12802
230.5,0.16666667,230.5,0.16666667,27660,20,37,5,n2797,230.5,185.12802
230.66667,0.16666667,230.66667,0.16666667,27680,20,46,5,n2798,230.5,185.12802
230.83333,0.16666667,230.83333,0.16666667,27700,20,43,5,n2799,230.5,185.12802
231.0,0.16666667,231.0,0.16666667,27720,20,53,5,n2800,230.5,185.12802
231.16667,0.16666667,231.16667,0.16666667,27740,20,49,5,n2801,230.5,185.12802
231.33333,0.16666667,231.33333,0.16666667,27760,20,58,5,n2802,230.5,185.12802
231.5,0.75,231.5,0.75,27780,90,82,1,n2793,231.5,185.62749
231.5,0.75,231.5,0.75,27780,90,94,1,n2794,231.5,185.62749
231.5,0.16666667,231.5,0.16666667,27780,20,55,5,n2803,231.5,185.62749
231.66667,0.16666667,231.66667,0.16666667,27800,20,65,5,n2804,231.5,185.62749
231.83333,0.16666667,231.83333,0.16666667,27820,20,49,5,n2805,231.5,185.62749
232.0,0.16666667,232.0,0.16666667,27840,20,58,5,n2806,231.5,185.62749
232.16667,0.16666667,232.16667,0.16666667,27860,20,55,5,n2807,231.5,185.62749
232.25,0.25,232.25,0.25,27870,30,82,1,n2795,231.5,185.62749
232.25,0.25,232.25,0.25,27870,30,94,1,n2796,231.5,185.62749
232.33333,0.16666667,232.33333,0.16666667,27880,20,65,5,n2808,231.5,185.62749
232.5,1.25,232.5,1.25,27900,150,82,1,n2809,232.5,186.39005
232.5,1.25,232.5,1.25,27900,150,94,1,n2810,232.5,186.39005
232.5,0.16666667,232.5,0.16666667,27900,20,36,5,n2819,232.5,186.39005
232.66667,0.16666667,232.66667,0.16666667,27920,20,46,5,n2820,232.5,186.39005
232.83333,0.16666667,232.83333,0.16666667,27940,20,43,5,n2821,232.5,186.39005
233.0,0.16666667,233.0,0.16666667,27960,20,52,5,n2822,232.5,186.39005
233.16667,0.16666667,233.16667,0.16666667,27980,20,48,5,n2823,232.5,186.39005
233.33333,0.16666667,233.33333,0.16666667,28000,20,58,5,n2824,232.5,186.39005
233.5,0.16666667,233.5,0.16666667,28020,20,55,5,n2825,233.5,186.88016
233.66667,0.16666667,233.66667,0.16666667,28040,20,64,5,n2826,233.5,186.88016
233.75,0.25,233.75,0.25,28050,30,79,1,n2813,233.5,186.88016
233.75,0.25,233.75,0.25,28050,30,91,1,n2814,233.5,186.88016
233.83333,0.16666667,233.83333,0.16666667,28060,20,48,5,n2827,233.5,186.88016
234.0,0.25,234.0,0.25,28080,30,76,1,n2815,233.5,186.88016
234.0,0.25,234.0,0.25,28080,30,88,1,n2816,233.5,186.88016
234.0,0.16666667,234.0,0.16666667,28080,20,58,5,n2828,233.5,186.88016
234.16667,0.16666667,234.16667,0.16666667,28100,20,55,5,n2829,233.5,186.88016
234.25,0.25,234.25,0.25,28110,30,73,1,n2817,233.5,186.88016
234.25,0.25,234.25,0.25,28110,30,85,1,n2818,233.5,186.88016
234.33333,0.16666667,234.33333,0.16666667,28120,20,64,5,n2830,233.5,186.88016
234.5,1.0,234.5,1.0,28140,120,85,1,n2831,234.5,187.67075
234.5,1.0,234.5,1.0,28140,120,97,1,n2832,234.5,187.67075
234.5,0.16666667,234.5,0.16666667,28140,20,34,5,n2837,234.5,187.67075
234.66667,0.16666667,234.66667,0.16666667,28160,20,43,5,n2838,234.5,187.67075
234.83333,0.16666667,234.83333,0.16666667,28180,20,41,5,n2839,234.5,187.67075
235.0,0.16666667,235.0,0.16666667,28200,20,49,5,n2840,234.5,187.67075
235.16667,0.16666667,235.16667,0.16666667,28220,20,46,5,n2841,234.5,187.67075
235.33333,0.16666667,235.33333,0.16666667,28240,20,55,5,n2842,234.5,187.67075
235.5,0.75,235.5,0.75,28260,90,85,1,n2833,235.5,188.17155
235.5,0.75,235.5,0.75,28260,90,97,1,n2834,235.5,188.17155
235.5,0.16666667,235.5,0.16666667,28260,20,53,5,n2843,235.5,188.17155
235.66667,0.16666667,235.66667,0.16666667,28280,20,61,5,n2844,235.5,188.17155
235.83333,0.16666667,235.83333,0.16666667,28300,20,46,5,n2845,235.5,188.17155
236.0,0.16666667,236.0,0.16666667,28320,20,55,5,n2846,235.5,188.17155
236.16667,0.16666667,236.16667,0.16666667,28340,20,53,5,n2847,235.5,188.17155
236.25,0.25,236.25,0.25,28350,30,85,1,n2835,235.5,188.17155
236.25,0.25,236.25,0.25,28350,30,97,1,n2836,235.5,188.17155
236.33333,0.16666667,236.33333,0.16666667,28360,20,61,5,n2848,235.5,188.17155
236.5,1.2,236.5,1.2,28380,144,85,1,n2849,236.5,188.94612
236.5,1.2,236.5,1.2,28380,144,97,1,n2850,236.5,188.94612
236.5,0.16666667,236.5,0.16666667,28380,20,36,5,n2861,236.5,188.94612
236.66667,0.16666667,236.66667,0.16666667,28400,20,46,5,n2862,236.5,188.94612
236.83333,0.16666667,236.83333,0.16666667,28420,20,43,5,n2863,236.5,188.94612
237.0,0.16666667,237.0,0.16666667,28440,20,52,5,n2864,236.5,188.94612
237.16667,0.16666667,237.16667,0.16666667,28460,20,48,5,n2865,236.5,188.94612
237.33333,0.16666667,237.33333,0.16666667,28480,20,58,5,n2866,236.5,188.94612
237.5,0.16666667,237.5,0.16666667,28500,20,55,5,n2867,237.5,189.48566
237.66667,0.16666667,237.66667,0.16666667,28520,20,64,5,n2868,237.5,189.48566
237.7,0.2,237.7,0.2,28524,24,82,1,n2853,237.5,189.48566
237.7,0.2,237.7,0.2,28524,24,94,1,n2854,237.5,189.48566
237.83333,0.16666667,237.83333,0.16666667,28540,20,48,5,n2869,237.5,189.48566
237.9,0.2,237.9,0.2,28548,24,79,1,n2855,237.5,189.48566
237.9,0.2,237.9,0.2,28548,24,91,1,n2856,237.5,189.48566
238.0,0.16666667,238.0,0.16666667,28560,20,58,5,n2870,237.5,189.48566
238.1,0.2,238.1,0.2,28572,24,76,1,n2857,237.5,189.48566
238.1,0.2,238.1,0.2,28572,24,88,1,n2858,237.5,189.48566
238.16667,0.16666667,238.16667,0.16666667,28580,20,55,5,n2871,237.5,189.48566
238.3,0.2,238.3,0.2,28596,24,73,1,n2859,237.5,189.48566
238.3,0.2,238.3,0.2,28596,24,85,1,n2860,237.5,189.48566
238.33333,0.16666667,238.33333,0.16666667,28600,20,64,5,n2872,237.5,189.48566
238.5,1.0,238.5,1.0,28620,120,82,1,n2873,238.5,190.2669
238.5,1.0,238.5,1.0,28620,120,94,1,n2874,238.5,190.2669
238.5,0.16666667,238.5,0.16666667,28620,20,37,5,n2879,238.5,190.2669
238.66667,0.16666667,238.66667,0.16666667,28640,20,49,5,n2880,238.5,190.2669
238.83333,0.16666667,238.83333,0.16666667,28660,20,46,5,n2881,238.5,190.2669
239.0,0.16666667,239.0,0.16666667,28680,20,54,5,n2882,238.5,190.2669
239.16667,0.16666667,239.16667,0.16666667,28700,20,49,5,n2883,238.5,190.2669
239.33333,0.16666667,239.33333,0.16666667,28720,20,58,5,n2884,238.5,190.2669
239.5,0.75,239.5,0.75,28740,90,82,1,n2875,239.5,190.73833
239.5,0.75,239.5,0.75,28740,90,94,1,n2876,239.5,190.73833
239.5,0.16666667,239.5,0.16666667,28740,20,54,5,n2885,239.5,190.73833
239.66667,0.16666667,239.66667,0.16666667,28760,20,61,5,n2886,239.5,190.73833
239.83333,0.16666667,239.83333,0.16666667,28780,20,58,5,n2887,239.5,190.73833
240.0,0.16666667,240.0,0.16666667,28800,20,66,5,n2888,239.5,190.73833
240.16667,0.16666667,240.16667,0.16666667,28820,20,54,5,n2889,239.5,190.73833
240.25,0.25,240.25,0.25,28830,30,82,1,n2877,239.5,190.73833
240.25,0.25,240.25,0.25,28830,30,94,1,n2878,239.5,190.73833
240.33333,0.16666667,240.33333,0.16666667,28840,20,61,5,n2890,239.5,190.73833
240.5,1.2,240.5,1.2,28860,144,82,1,n2891,240.5,191.4448
240.5,1.2,240.5,1.2,28860,144,94,1,n2892,240.5,191.4448
240.5,0.16666667,240.5,0.16666667,28860,20,36,5,n2903,240.5,191.4448
240.66667,0.16666667,240.66667,0.16666667,28880,20,46,5,n2904,240.5,191.4448
240.83333,0.16666667,240.83333,0.16666667,28900,20,43,5,n2905,240.5,191.4448
241.0,0.16666667,241.0,0.16666667,28920,20,52,5,n2906,240.5,191.4448
241.16667,0.16666667,241.16667,0.16666667,28940,20,48,5,n2907,240.5,191.4448
241.33333,0.16666667,241.33333,0.16666667,28960,20,58,5,n2908,240.5,191.4448
241.5,0.16666667,241.5,0.16666667,28980,20,55,5,n2909,241.5,191.89885
241.66667,0.16666667,241.66667,0.16666667,29000,20,64,5,n2910,241.5,191.89885
241.7,0.2,241.7,0.2,29004,24,79,1,n2895,241.5,191.89885
241.7,0.2,241.7,0.2,29004,24,91,1,n2896,241.5,191.89885
241.83333,0.16666667,241.83333,0.16666667,29020,20,48,5,n2911,241.5,191.89885
241.9,0.2,241.9,0.2,29028,24,76,1,n2897,241.5,191.89885
241.9,0.2,241.9,0.2,29028,24,88,1,n2898,241.5,191.89885
242.0,0.16666667,242.0,0.16666667,29040,20,58,5,n2912,241.5,191.89885
242.1,0.2,242.1,0.2,29052,24,73,1,n2899,241.5,191.89885
242.1,0.2,242.1,0.2,29052,24,85,1,n2900,241.5,191.89885
242.16667,0.16666667,242.16667,0.16666667,29060,20,55,5,n2913,241.5,191.89885
242.3,0.2,242.3,0.2,29076,24,70,1,n2901,241.5,191.89885
242.3,0.2,242.3,0.2,29076,24,82,1,n2902,241.5,191.89885
242.33333,0.16666667,242.33333,0.16666667,29080,20,64,5,n2914,241.5,191.89885
242.5,1.0,242.5,1.0,29100,120,85,1,n2915,242.5,192.70013
242.5,1.0,242.5,1.0,29100,120,97,1,n2916,242.5,192.70013
242.5,0.16666667,242.5,0.16666667,29100,20,34,5,n2921,242.5,192.70013
242.66667,0.16666667,242.66667,0.16666667,29120,20,46,5,n2922,242.5,192.70013
242.83333,0.16666667,242.83333,0.16666667,29140,20,49,5,n2923,242.5,192.70013
243.0,0.16666667,243.0,0.16666667,29160,20,58,5,n2924,242.5,192.70013
243.16667,0.16666667,243.16667,0.16666667,29180,20,54,5,n2925,242.5,192.70013
243.33333,0.16666667,243.33333,0.16666667,29200,20,61,5,n2926,242.5,192.70013
243.5,0.75,243.5,0.75,29220,90,85,1,n2917,243.5,193.14351
243.5,0.75,243.5,0.75,29220,90,97,1,n2918,243.5,193.14351
243.5,0.16666667,243.5,0.16666667,29220,20,58,5,n2927,243.5,193.14351
243.66667,0.16666667,243.66667,0.16666667,29240,20,66,5,n2928,243.5,193.14351
243.83333,0.16666667,243.83333,0.16666667,29260,20,54,5,n2929,243.5,193.14351
244.0,0.16666667,244.0,0.16666667,29280,20,61,5,n2930,243.5,193.14351
244.16667,0.16666667,244.16667,0.16666667,29300,20,58,5,n2931,243.5,193.14351
244.25,0.25,244.25,0.25,29310,30,85,1,n2919,243.5,193.14351
244.25,0.25,244.25,0.25,29310,30,97,1,n2920,243.5,193.14351
244.33333,0.16666667,244.33333,0.16666667,29320,20,66,5,n2932,243.5,193.14351
244.5,0.5,244.5,0.5,29340,60,85,1,n2933,244.5,193.73912
244.5,0.5,244.5,0.5,29340,60,97,1,n2934,244.5,193.73912
244.5,0.16666667,244.5,0.16666667,29340,20,33,5,n2939,244.5,193.73912
244.66667,0.16666667,244.66667,0.16666667,29360,20,45,5,n2940,244.5,193.73912
244.83333,0.16666667,244.83333,0.16666667,29380,20,52,5,n2941,244.5,193.73912
245.0,1.0,245.0,1.0,29400,120,85,1,n2935,244.5,193.73912
245.0,1.0,245.0,1.0,29400,120,97,1,n2936,244.5,193.73912
245.0,0.16666667,245.0,0.16666667,29400,20,61,5,n2942,244.5,193.73912
245.16667,0.16666667,245.16667,0.16666667,29420,20,55,5,n2943,244.5,193.73912
245.33333,0.16666667,245.33333,0.16666667,29440,20,64,5,n2944,244.5,193.73912
245.5,0.16666667,245.5,0.16666667,29460,20,32,5,n2945,245.5,194.36145
245.66667,0.16666667,245.66667,0.16666667,29480,20,44,5,n2946,245.5,194.36145
245.83333,0.16666667,245.83333,0.16666667,29500,20,52,5,n2947,245.5,194.36145
246.0,0.8333333,246.0,0.8333333,29520,100,85,1,n2937,245.5,194.36145
246.0,0.8333333,246.0,0.8333333,29520,100,97,1,n2938,245.5,194.36145
246.0,0.16666667,246.0,0.16666667,29520,20,61,5,n2948,245.5,194.36145
246.16667,0.16666667,246.16667,0.16666667,29540,20,56,5,n2949,245.5,194.36145
246.33333,0.16666667,246.33333,0.16666667,29560,20,64,5,n2950,245.5,194.36145
246.5,0.16666667,246.5,0.16666667,29580,20,31,5,n2963,246.5,195.02919
246.66667,0.16666667,246.66667,0.16666667,29600,20,43,5,n2964,246.5,195.02919
246.83333,0.33333334,246.83333,0.33333334,29620,40,85,1,n2953,246.5,195.02919
246.83333,0.33333334,246.83333,0.33333334,29620,40,97,1,n2954,246.5,195.02919
246.83333,0.16666667,246.83333,0.16666667,29620,20,52,5,n2965,246.5,195.02919
247.0,0.16666667,247.0,0.16666667,29640,20,61,5,n2966,246.5,195.02919
247.16667,0.33333334,247.16667,0.33333334,29660,40,85,1,n2955,246.5,195.02919
247.16667,0.33333334,247.16667,0.33333334,29660,40,97,1,n2956,246.5,195.02919
247.16667,0.16666667,247.16667,0.16666667,29660,20,57,5,n2967,246.5,195.02919
247.33333,0.16666667,247.33333,0.16666667,29680,20,64,5,n2968,246.5,195.02919
247.5,0.33333334,247.5,0.33333334,29700,40,85,1,n2957,247.5,195.74767
247.5,0.33333334,247.5,0.33333334,29700,40,97,1,n2958,247.5,195.74767
247.5,0.16666667,247.5,0.16666667,29700,20,30,5,n2969,247.5,195.74767
247.66667,0.16666667,247.66667,0.16666667,29720,20,42,5,n2970,247.5,195.74767
247.83333,0.33333334,247.83333,0.33333334,29740,40,85,1,n2959,247.5,195.74767
247.83333,0.33333334,247.83333,0.33333334,29740,40,97,1,n2960,247.5,195.74767
247.83333,0.16666667,247.83333,0.16666667,29740,20,52,5,n2971,247.5,195.74767
248.0,0.16666667,248.0,0.16666667,29760,20,61,5,n2972,247.5,195.74767
248.16667,0.33333334,248.16667,0.33333334,29780,40,85,1,n2961,247.5,195.74767
248.16667,0.33333334,248.16667,0.33333334,29780,40,97,1,n2962,247.5,195.74767
248.16667,0.16666667,248.16667,0.16666667,29780,20,58,5,n2973,247.5,195.74767
248.33333,0.16666667,248.33333,0.16666667,29800,20,64,5,n2974,247.5,195.74767
248.5,0.25,248.5,0.25,29820,30,85,1,n2975,248.5,196.51155
248.5,0.25,248.5,0.25,29820,30,97,1,n2976,248.5,196.51155
248.5,0.16666667,248.5,0.16666667,29820,20,29,5,n2995,248.5,196.51155
248.66667,0.16666667,248.66667,0.16666667,29840,20,41,5,n2996,248.5,196.51155
248.75,0.25,248.75,0.25,29850,30,85,1,n2977,248.5,196.51155
248.75,0.25,248.75,0.25,29850,30,97,1,n2978,248.5,196.51155
248.83333,0.16666667,248.83333,0.16666667,29860,20,53,5,n2997,248.5,196.51155
249.0,0.25,249.0,0.25,29880,30,85,1,n2979,248.5,196.51155
249.0,0.25,249.0,0.25,29880,30,97,1,n2980,248.5,196.51155
249.0,0.16666667,249.0,0.16666667,29880,20,61,5,n2998,248.5,196.51155
249.16667,0.16666667,249.16667,0.16666667,29900,20,58,5,n2999,248.5,196.51155
249.25,0.25,249.25,0.25,29910,30,85,1,n2981,248.5,196.51155
249.25,0.25,249.25,0.25,29910,30,97,1,n2982,248.5,196.51155
249.33333,0.16666667,249.33333,0.16666667,29920,20,65,5,n3000,248.5,196.51155
249.5,0.16666667,249.5,0.16666667,29940,20,85,1,n2983,249.5,197.50514
249.5,0.16666667,249.5,0.16666667,29940,20,97,1,n2984,249.5,197.50514
249.5,0.16666667,249.5,0.16666667,29940,20,28,5,n3001,249.5,197.50514
249.66667,0.16666667,249.66667,0.16666667,29960,20,85,1,n2985,249.5,197.50514
249.66667,0.16666667,249.66667,0.16666667,29960,20,97,1,n2986,249.5,197.50514
249.66667,0.16666667,249.66667,0.16666667,29960,20,40,5,n3002,249.5,197.50514
249.83333,0.16666667,249.83333,0.16666667,29980,20,85,1,n2987,249.5,197.50514
249.83333,0.16666667,249.83333,0.16666667,29980,20,97,1,n2988,249.5,197.50514
249.83333,0.16666667,249.83333,0.16666667,29980,20,55,5,n3003,249.5,197.50514
250.0,0.16666667,250.0,0.16666667,30000,20,85,1,n2989,249.5,197.50514
250.0,0.16666667,250.0,0.16666667,30000,20,97,1,n2990,249.5,197.50514
250.0,0.16666667,250.0,0.16666667,30000,20,61,5,n3004,249.5,197.50514
250.16667,0.16666667,250.16667,0.16666667,30020,20,85,1,n2991,249.5,197.50514
250.16667,0.16666667,250.16667,0.16666667,30020,20,97,1,n2992,249.5,197.50514
250.16667,0.16666667,250.16667,0.16666667,30020,20,58,5,n3005,249.5,197.50514
250.33333,0.16666667,250.33333,0.16666667,30040,20,85,1,n2993,249.5,197.50514
250.33333,0.16666667,250.33333,0.16666667,30040,20,97,1,n2994,249.5,197.50514
250.33333,0.16666667,250.33333,0.16666667,30040,20,67,5,n3006,249.5,197.50514
250.5,0.16666667,250.5,0.16666667,30060,20,29,5,n3016,250.5,198.88202
250.66667,0.16666667,250.66667,0.16666667,30080,20,41,5,n3017,250.5,198.88202
250.75,0.5,250.75,0.5,30090,60,85,1,n3008,250.5,198.88202
250.75,0.5,250.75,0.5,30090,60,97,1,n3009,250.5,198.88202
250.83333,0.16666667,250.83333,0.16666667,30100,20,56,5,n3018,250.5,198.88202
251.0,0.16666667,251.0,0.16666667,30120,20,65,5,n3019,250.5,198.88202
251.16667,0.16666667,251.16667,0.16666667,30140,20,60,5,n3020,250.5,198.88202
251.25,0.5,251.25,0.5,30150,60,84,1,n3010,250.5,198.88202
251.25,0.5,251.25,0.5,30150,60,96,1,n3011,250.5,198.88202
251.33333,0.16666667,251.33333,0.16666667,30160,20,68,5,n3021,250.5,198.88202
251.5,0.16666667,251.5,0.16666667,30180,20,32,5,n3022,251.5,200.25087
251.66667,0.16666667,251.66667,0.16666667,30200,20,44,5,n3023,251.5,200.25087
251.75,0.5,251.75,0.5,30210,60,82,1,n3012,251.5,200.25087
251.75,0.5,251.75,0.5,30210,60,94,1,n3013,251.5,200.25087
251.83333,0.16666667,251.83333,0.16666667,30220,20,53,5,n3024,251.5,200.25087
252.0,0.16666667,252.0,0.16666667,30240,20,60,5,n3025,251.5,200.25087
252.16667,0.16666667,252.16667,0.16666667,30260,20,56,5,n3026,251.5,200.25087
252.25,0.5,252.25,0.5,30270,60,80,1,n3014,251.5,200.25087
252.25,0.5,252.25,0.5,30270,60,92,1,n3015,251.5,200.25087
252.33333,0.16666667,252.33333,0.16666667,30280,20,65,5,n3027,251.5,200.25087
252.5,0.16666667,252.5,0.16666667,30300,20,37,5,n3038,252.5,200.96
252.66667,0.16666667,252.66667,0.16666667,30320,20,49,5,n3039,252.5,200.96
252.75,0.5,252.75,0.5,30330,60,79,1,n3030,252.5,200.96
252.75,0.5,252.75,0.5,30330,60,91,1,n3031,252.5,200.96
252.83333,0.16666667,252.83333,0.16666667,30340,20,53,5,n3040,252.5,200.96
253.0,0.16666667,253.0,0.16666667,30360,20,58,5,n3041,252.5,200.96
253.16667,0.16666667,253.16667,0.16666667,30380,20,55,5,n3042,252.5,200.96
253.25,0.5,253.25,0.5,30390,60,77,1,n3032,252.5,200.96
253.25,0.5,253.25,0.5,30390,60,89,1,n3033,252.5,200.96
253.33333,0.16666667,253.33333,0.16666667,30400,20,65,5,n3043,252.5,200.96
253.5,0.16666667,253.5,0.16666667,30420,20,34,5,n3044,253.5,201.73457
253.66667,0.16666667,253.66667,0.16666667,30440,20,46,5,n3045,253.5,201.73457
253.75,0.5,253.75,0.5,30450,60,75,1,n3034,253.5,201.73457
253.75,0.5,253.75,0.5,30450,60,87,1,n3035,253.5,201.73457
253.83333,0.16666667,253.83333,0.16666667,30460,20,53,5,n3046,253.5,201.73457
254.0,0.16666667,254.0,0.16666667,30480,20,61,5,n3047,253.5,201.73457
254.16667,0.16666667,254.16667,0.16666667,30500,20,55,5,n3048,253.5,201.73457
254.25,0.25,254.25,0.25,30510,30,73,1,n3036,253.5,201.73457
254.25,0.25,254.25,0.25,30510,30,85,1,n3037,253.5,201.73457
254.33333,0.16666667,254.33333,0.16666667,30520,20,65,5,n3049,253.5,201.73457
254.5,0.16666667,254.5,0.16666667,30540,20,36,5,n3060,254.5,202.75487
254.66667,0.16666667,254.66667,0.16666667,30560,20,48,5,n3061,254.5,202.75487
254.83333,0.33333334,254.83333,0.33333334,30580,40,73,1,n3051,254.5,202.75487
254.83333,0.33333334,254.83333,0.33333334,30580,40,85,1,n3052,254.5,202.75487
254.83333,0.16666667,254.83333,0.16666667,30580,20,53,5,n3062,254.5,202.75487
255.0,0.16666667,255.0,0.16666667,30600,20,60,5,n3063,254.5,202.75487
255.16667,0.33333334,255.16667,0.33333334,30620,40,72,1,n3053,254.5,202.75487
255.16667,0.33333334,255.16667,0.33333334,30620,40,84,1,n3054,254.5,202.75487
255.16667,0.16666667,255.16667,0.16666667,30620,20,56,5,n3064,254.5,202.75487
255.33333,0.16666667,255.33333,0.16666667,30640,20,65,5,n3065,254.5,202.75487
255.5,0.16666667,255.5,0.16666667,30660,20,60,5,n3066,255.5,203.55615
255.66667,0.16666667,255.66667,0.16666667,30680,20,68,5,n3067,255.5,203.55615
255.83333,0.33333334,255.83333,0.33333334,30700,40,71,1,n3056,255.5,203.55615
255.83333,0.33333334,255.83333,0.33333334,30700,40,83,1,n3057,255.5,203.55615
255.83333,0.16666667,255.83333,0.16666667,30700,20,56,5,n3068,255.5,203.55615
256.0,0.16666667,256.0,0.16666667,30720,20,65,5,n3069,255.5,203.55615
256.16666,0.33333334,256.16666,0.33333334,30740,40,72,1,n3058,255.5,203.55615
256.16666,0.33333334,256.16666,0.33333334,30740,40,84,1,n3059,255.5,203.55615
256.16666,0.16666667,256.16666,0.16666667,30740,20,60,5,n3070,255.5,203.55615
256.33334,0.16666667,256.33334,0.16666667,30760,20,68,5,n3071,255.5,203.55615
256.5,0.16666667,256.5,0.16666667,30780,20,36,5,n3082,256.5,204.1304
256.66666,0.16666667,256.66666,0.16666667,30800,20,48,5,n3083,256.5,204.1304
256.83334,0.33333334,256.83334,0.33333334,30820,40,73,1,n3073,256.5,204.1304
256.83334,0.33333334,256.83334,0.33333334,30820,40,85,1,n3074,256.5,204.1304
256.83334,0.16666667,256.83334,0.16666667,30820,20,52,5,n3084,256.5,204.1304
257.0,0.16666667,257.0,0.16666667,30840,20,58,5,n3085,256.5,204.1304
257.16666,0.33333334,257.16666,0.33333334,30860,40,72,1,n3075,256.5,204.1304
257.16666,0.33333334,257.16666,0.33333334,30860,40,84,1,n3076,256.5,204.1304
257.16666,0.16666667,257.16666,0.16666667,30860,20,55,5,n3086,256.5,204.1304
257.33334,0.16666667,257.33334,0.16666667,30880,20,64,5,n3087,256.5,204.1304
257.5,0.16666667,257.5,0.16666667,30900,20,58,5,n3088,257.5,204.75674
257.66666,0.16666667,257.66666,0.16666667,30920,20,67,5,n3089,257.5,204.75674
257.83334,0.33333334,257.83334,0.33333334,30940,40,71,1,n3078,257.5,204.75674
257.83334,0.33333334,257.83334,0.33333334,30940,40,83,1,n3079,257.5,204.75674
257.83334,0.16666667,257.83334,0.16666667,30940,20,55,5,n3090,257.5,204.75674
258.0,0.16666667,258.0,0.16666667,30960,20,64,5,n3091,257.5,204.75674
258.16666,0.33333334,258.16666,0.33333334,30980,40,72,1,n3080,257.5,204.75674
258.16666,0.33333334,258.16666,0.33333334,30980,40,84,1,n3081,257.5,204.75674
258.16666,0.16666667,258.16666,0.16666667,30980,20,58,5,n3092,257.5,204.75674
258.33334,0.16666667,258.33334,0.16666667,31000,20,67,5,n3093,257.5,204.75674
258.5,0.16666667,258.5,0.16666667,31020,20,29,5,n3103,258.5,205.52864
258.66666,0.16666667,258.66666,0.16666667,31040,20,41,5,n3104,258.5,205.52864
258.75,0.5,258.75,0.5,31050,60,85,1,n3095,258.5,205.52864
258.75,0.5,258.75,0.5,31050,60,97,1,n3096,258.5,205.52864
258.83334,0.16666667,258.83334,0.16666667,31060,20,48,5,n3105,258.5,205.52864
259.0,0.16666667,259.0,0.16666667,31080,20,56,5,n3106,258.5,205.52864
259.16666,0.16666667,259.16666,0.16666667,31100,20,53,5,n3107,258.5,205.52864
259.25,0.5,259.25,0.5,31110,60,84,1,n3097,258.5,205.52864
259.25,0.5,259.25,0.5,31110,60,96,1,n3098,258.5,205.52864
259.33334,0.16666667,259.33334,0.16666667,31120,20,60,5,n3108,258.5,205.52864
259.5,0.16666667,259.5,0.16666667,31140,20,32,5,n3109,259.5,206.63574
259.66666,0.16666667,259.66666,0.16666667,31160,20,44,5,n3110,259.5,206.63574
259.75,0.5,259.75,0.5,31170,60,82,1,n3099,259.5,206.63574
259.75,0.5,259.75,0.5,31170,60,94,1,n3100,259.5,206.63574
259.83334,0.16666667,259.83334,0.16666667,31180,20,53,5,n3111,259.5,206.63574
260.0,0.16666667,260.0,0.16666667,31200,20,60,5,n3112,259.5,206.63574
260.16666,0.16666667,260.16666,0.16666667,31220,20,56,5,n3113,259.5,206.63574
260.25,0.5,260.25,0.5,31230,60,80,1,n3101,259.5,206.63574
260.25,0.5,260.25,0.5,31230,60,92,1,n3102,259.5,206.63574
260.33334,0.16666667,260.33334,0.16666667,31240,20,65,5,n3114,259.5,206.63574
260.5,0.16666667,260.5,0.16666667,31260,20,37,5,n3125,260.5,207.3462
260.66666,0.16666667,260.66666,0.16666667,31280,20,49,5,n3126,260.5,207.3462
260.75,0.5,260.75,0.5,31290,60,79,1,n3117,260.5,207.3462
260.75,0.5,260.75,0.5,31290,60,91,1,n3118,260.5,207.3462
260.83334,0.16666667,260.83334,0.16666667,31300,20,53,5,n3127,260.5,207.3462
261.0,0.16666667,261.0,0.16666667,31320,20,58,5,n3128,260.5,207.3462
261.16666,0.16666667,261.16666,0.16666667,31340,20,55,5,n3129,260.5,207.3462
261.25,0.5,261.25,0.5,31350,60,77,1,n3119,260.5,207.3462
261.25,0.5,261.25,0.5,31350,60,89,1,n3120,260.5,207.3462
261.33334,0.16666667,261.33334,0.16666667,31360,20,65,5,n3130,260.5,207.3462
261.5,0.16666667,261.5,0.16666667,31380,20,34,5,n3131,261.5,208.07271
261.66666,0.16666667,261.66666,0.16666667,31400,20,46,5,n3132,261.5,208.07271
261.75,0.5,261.75,0.5,31410,60,75,1,n3121,261.5,208.07271
261.75,0.5,261.75,0.5,31410,60,87,1,n3122,261.5,208.07271
261.83334,0.16666667,261.83334,0.16666667,31420,20,53,5,n3133,261.5,208.07271
262.0,0.16666667,262.0,0.16666667,31440,20,61,5,n3134,261.5,208.07271
262.16666,0.16666667,262.16666,0.16666667,31460,20,55,5,n3135,261.5,208.07271
262.25,0.25,262.25,0.25,31470,30,73,1,n3123,261.5,208.07271
262.25,0.25,262.25,0.25,31470,30,85,1,n3124,261.5,208.07271
262.33334,0.16666667,262.33334,0.16666667,31480,20,65,5,n3136,261.5,208.07271
262.5,0.16666667,262.5,0.16666667,31500,20,36,5,n3150,262.5,209.26128
262.66666,0.16666667,262.66666,0.16666667,31520,20,48,5,n3151,262.5,209.26128
262.83334,0.33333334,262.83334,0.33333334,31540,40,73,1,n3138,262.5,209.26128
262.83334,0.33333334,262.83334,0.33333334,31540,40,85,1,n3139,262.5,209.26128
262.83334,0.16666667,262.83334,0.16666667,31540,20,53,5,n3152,262.5,209.26128
263.0,0.16666667,263.0,0.16666667,31560,20,60,5,n3153,262.5,209.26128
263.16666,0.33333334,263.16666,0.33333334,31580,40,72,1,n3140,262.5,209.26128
263.16666,0.33333334,263.16666,0.33333334,31580,40,84,1,n3141,262.5,209.26128
263.16666,0.16666667,263.16666,0.16666667,31580,20,56,5,n3154,262.5,209.26128
263.33334,0.16666667,263.33334,0.16666667,31600,20,65,5,n3155,262.5,209.26128
263.5,0.25,263.5,0.25,31620,30,73,1,n3142,263.5,210.60208
263.5,0.25,263.5,0.25,31620,30,85,1,n3143,263.5,210.60208
263.5,0.16666667,263.5,0.16666667,31620,20,53,5,n3156,263.5,210.60208
263.66666,0.16666667,263.66666,0.16666667,31640,20,59,5,n3157,263.5,210.60208
263.75,0.25,263.75,0.25,31650,30,71,1,n3144,263.5,210.60208
263.75,0.25,263.75,0.25,31650,30,83,1,n3145,263.5,210.60208
263.83334,0.16666667,263.83334,0.16666667,31660,20,56,5,n3158,263.5,210.60208
264.0,0.25,264.0,0.25,31680,30,73,1,n3146,263.5,210.60208
264.0,0.25,264.0,0.25,31680,30,85,1,n3147,263.5,210.60208
264.0,0.16666667,264.0,0.16666667,31680,20,61,5,n3159,263.5,210.60208
264.16666,0.16666667,264.16666,0.16666667,31700,20,59,5,n3160,263.5,210.60208
264.25,0.25,264.25,0.25,31710,30,70,1,n3148,263.5,210.60208
264.25,0.25,264.25,0.25,31710,30,82,1,n3149,263.5,210.60208
264.33334,0.16666667,264.33334,0.16666667,31720,20,65,5,n3161,263.5,210.60208
264.5,0.25,264.5,0.25,31740,30,73,1,n3162,264.5,211.41138
264.5,0.25,264.5,0.25,31740,30,85,1,n3163,264.5,211.41138
264.5,0.16666667,264.5,0.16666667,31740,20,53,5,n3178,264.5,211.41138
264.66666,0.16666667,264.66666,0.16666667,31760,20,58,5,n3179,264.5,211.41138
264.75,0.25,264.75,0.25,31770,30,69,1,n3164,264.5,211.41138
264.75,0.25,264.75,0.25,31770,30,81,1,n3165,264.5,211.41138
264.83334,0.16666667,264.83334,0.16666667,31780,20,55,5,n3180,264.5,211.41138
265.0,0.25,265.0,0.25,31800,30,73,1,n3166,264.5,211.41138
265.0,0.25,265.0,0.25,31800,30,85,1,n3167,264.5,211.41138
265.0,0.16666667,265.0,0.16666667,31800,20,61,5,n3181,264.5,211.41138
265.16666,0.16666667,265.16666,0.16666667,31820,20,58,5,n3182,264.5,211.41138
265.25,0.25,265.25,0.25,31830,30,68,1,n3168,264.5,211.41138
265.25,0.25,265.25,0.25,31830,30,80,1,n3169,264.5,211.41138
265.33334,0.16666667,265.33334,0.16666667,31840,20,65,5,n3183,264.5,211.41138
265.5,0.25,265.5,0.25,31860,30,73,1,n3170,265.5,211.89148
265.5,0.25,265.5,0.25,31860,30,85,1,n3171,265.5,211.89148
265.75,0.25,265.75,0.25,31890,30,67,1,n3172,265.5,211.89148
265.75,0.25,265.75,0.25,31890,30,79,1,n3173,265.5,211.89148
266.0,0.25,266.0,0.25,31920,30,73,1,n3174,265.5,211.89148
266.0,0.25,266.0,0.25,31920,30,85,1,n3175,265.5,211.89148
266.25,0.25,266.25,0.25,31950,30,65,1,n3176,265.5,211.89148
266.25,0.25,266.25,0.25,31950,30,77,1,n3177,265.5,211.89148
266.5,0.5,266.5,0.5,31980,60,73,1,n3185,266.5,212.34488
266.5,0.5,266.5,0.5,31980,60,85,1,n3186,266.5,212.34488
266.66666,0.16666667,266.66666,0.16666667,32000,20,36,5,n3192,266.5,212.34488
266.83334,0.16666667,266.83334,0.16666667,32020,20,46,5,n3193,266.5,212.34488
267.0,0.5,267.0,0.5,32040,60,64,1,n3187,266.5,212.34488
267.0,0.5,267.0,0.5,32040,60,76,1,n3188,266.5,212.34488
267.0,0.16666667,267.0,0.16666667,32040,20,52,5,n3194,266.5,212.34488
267.16666,0.16666667,267.16666,0.16666667,32060,20,55,5,n3195,266.5,212.34488
267.33334,0.16666667,267.33334,0.16666667,32080,20,58,5,n3196,266.5,212.34488
267.5,2.0,267.5,2.0,32100,240,73,1,n3189,267.5,212.88841
267.5,2.0,267.5,2.0,32100,240,85,1,n3190,267.5,212.88841
267.5,0.16666667,267.5,0.16666667,32100,20,64,5,n3197,267.5,212.88841
267.66666,0.16666667,267.66666,0.16666667,32120,20,58,5,n3198,267.5,212.88841
267.83334,0.16666667,267.83334,0.16666667,32140,20,55,5,n3199,267.5,212.88841
268.0,0.16666667,268.0,0.16666667,32160,20,52,5,n3200,267.5,212.88841
268.16666,0.16666667,268.16666,0.16666667,32180,20,46,5,n3201,267.5,212.88841
268.33334,0.16666667,268.33334,0.16666667,32200,20,36,5,n3202,267.5,212.88841
268.5,0.16666667,268.5,0.16666667,32220,20,43,5,n3209,268.5,213.45331
268.66666,0.16666667,268.66666,0.16666667,32240,20,46,5,n3210,268.5,213.45331
268.83334,0.16666667,268.83334,0.16666667,32260,20,52,5,n3211,268.5,213.45331
269.0,0.16666667,269.0,0.16666667,32280,20,55,5,n3212,268.5,213.45331
269.16666,0.16666667,269.16666,0.16666667,32300,20,58,5,n3213,268.5,213.45331
269.33334,0.16666667,269.33334,0.16666667,32320,20,64,5,n3214,268.5,213.45331
269.5,0.25,269.5,0.25,32340,30,73,5,n3215,269.5,214.12372
270.0,0.5,270.0,0.5,32400,60,70,1,n3206,269.5,214.12372
270.0,0.5,270.0,0.5,32400,60,76,1,n3207,269.5,214.12372
270.0,0.5,270.0,0.5,32400,60,84,1,n3208,269.5,214.12372
270.0,0.5,270.0,0.5,32400,60,48,5,n3217,269.5,214.12372
270.0,0.5,270.0,0.5,32400,60,55,5,n3218,269.5,214.12372
270.0,0.5,270.0,0.5,32400,60,58,5,n3219,269.5,214.12372
270.0,0.5,270.0,0.5,32400,60,64,5,n3220,269.5,214.12372
270.5,0.5,270.5,0.5,32460,60,65,1,n3221,270.5,215.37639
270.5,0.5,270.5,0.5,32460,60,72,1,n3222,270.5,215.37639
270.5,0.5,270.5,0.5,32460,60,77,1,n3223,270.5,215.37639
270.5,0.5,270.5,0.5,32460,60,53,5,n3225,270.5,215.37639
270.5,0.5,270.5,0.5,32460,60,56,5,n3226,270.5,215.37639
270.5,0.5,270.5,0.5,32460,60,60,5,n3227,270.5,215.37639
270.5,0.5,270.5,0.5,32460,60,68,5,n3228,270.5,215.37639
271.0,0.16666667,271.0,0.16666667,32520,20,68,5,n3229,270.5,215.37639
271.0,0.16666667,271.0,0.16666667,32520,20,77,5,n3230,270.5,215.37639
271.16666,0.16666667,271.16666,0.16666667,32540,20,71,5,n3231,270.5,215.37639
271.16666,0.16666667,271.16666,0.16666667,32540,20,74,5,n3232,270.5,215.37639
271.16666,0.16666667,271.16666,0.16666667,32540,20,79,5,n3233,270.5,215.37639
271.33334,0.16666667,271.33334,0.16666667,32560,20,68,5,n3234,270.5,215.37639
271.33334,0.16666667,271.33334,0.16666667,32560,20,77,5,n3235,270.5,215.37639
271.5,0.16666667,271.5,0.16666667,32580,20,71,5,n3236,271.5,215.93996
271.5,0.16666667,271.5,0.16666667,32580,20,74,5,n3237,271.5,215.93996
271.5,0.16666667,271.5,0.16666667,32580,20,76,5,n3238,271.5,215.93996
271.66666,0.16666667,271.66666,0.16666667,32600,20,68,5,n3239,271.5,215.93996
271.66666,0.16666667,271.66666,0.16666667,32600,20,77,5,n3240,271.5,215.93996
271.83334,0.16666667,271.83334,0.16666667,32620,20,71,5,n3241,271.5,215.93996
271.83334,0.16666667,271.83334,0.16666667,32620,20,74,5,n3242,271.5,215.93996
271.83334,0.16666667,271.83334,0.16666667,32620,20,76,5,n3243,271.5,215.93996
272.0,0.16666667,272.0,0.16666667,32640,20,68,5,n3244,271.5,215.93996
272.0,0.16666667,272.0,0.16666667,32640,20,77,5,n3245,271.5,215.93996
272.16666,0.16666667,272.16666,0.16666667,32660,20,71,5,n3246,271.5,215.93996
272.16666,0.16666667,272.16666,0.16666667,32660,20,74,5,n3247,271.5,215.93996
272.16666,0.16666667,272.16666,0.16666667,32660,20,79,5,n3248,271.5,215.93996
272.33334,0.16666667,272.33334,0.16666667,32680,20,68,5,n3249,271.5,215.93996
272.33334,0.16666667,272.33334,0.16666667,32680,20,77,5,n3250,271.5,215.93996
272.5,0.5,272.5,0.5,32700,60,71,1,n3251,272.5,216.42607
272.5,0.5,272.5,0.5,32700,60,74,1,n3252,272.5,216.42607
272.5,0.5,272.5,0.5,32700,60,80,1,n3253,272.5,216.42607
273.0,0.16666667,273.0,0.16666667,32760,20,56,1,n3254,272.5,216.42607
273.0,0.5,273.0,0.5,32760,60,41,5,n3264,272.5,216.42607
273.0,0.5,273.0,0.5,32760,60,47,5,n3265,272.5,216.42607
273.0,0.5,273.0,0.5,32760,60,50,5,n3266,272.5,216.42607
273.0,0.5,273.0,0.5,32760,60,53,5,n3267,272.5,216.42607
273.16666,0.16666667,273.16666,0.16666667,32780,20,58,1,n3255,272.5,216.42607
273.33334,0.16666667,273.33334,0.16666667,32800,20,56,1,n3256,272.5,216.42607
273.5,0.16666667,273.5,0.16666667,32820,20,68,1,n3257,273.5,217.00032
273.5,0.5,273.5,0.5,32820,60,41,5,n3268,273.5,217.00032
273.5,0.5,273.5,0.5,32820,60,47,5,n3269,273.5,217.00032
273.5,0.5,273.5,0.5,32820,60,50,5,n3270,273.5,217.00032
273.5,0.5,273.5,0.5,32820,60,53,5,n3271,273.5,217.00032
273.66666,0.16666667,273.66666,0.16666667,32840,20,70,1,n3258,273.5,217.00032
273.83334,0.16666667,273.83334,0.16666667,32860,20,68,1,n3259,273.5,217.00032
274.0,0.16666667,274.0,0.16666667,32880,20,80,1,n3260,273.5,217.00032
274.0,0.5,274.0,0.5,32880,60,41,5,n3272,273.5,217.00032
274.0,0.5,274.0,0.5,32880,60,47,5,n3273,273.5,217.00032
274.0,0.5,274.0,0.5,32880,60,50,5,n3274,273.5,217.00032
274.0,0.5,274.0,0.5,32880,60,53,5,n3275,273.5,217.00032
274.16666,0.16666667,274.16666,0.16666667,32900,20,82,1,n3261,273.5,217.00032
274.33334,0.6666667,274.33334,0.6666667,32920,80,80,1,n3262,273.5,217.00032
274.5,0.5,274.5,0.5,32940,60,92,1,n3277,274.5,217.63867
274.5,0.5,274.5,0.5,32940,60,41,5,n3279,274.5,217.63867
274.5,0.5,274.5,0.5,32940,60,48,5,n3280,274.5,217.63867
274.5,0.5,274.5,0.5,32940,60,53,5,n3281,274.5,217.63867
275.0,0.16666667,275.0,0.16666667,33000,20,68,5,n3282,274.5,217.63867
275.0,0.16666667,275.0,0.16666667,33000,20,77,5,n3283,274.5,217.63867
275.16666,0.16666667,275.16666,0.16666667,33020,20,71,5,n3284,274.5,217.63867
275.16666,0.16666667,275.16666,0.16666667,33020,20,74,5,n3285,274.5,217.63867
275.16666,0.16666667,275.16666,0.16666667,33020,20,79,5,n3286,274.5,217.63867
275.33334,0.16666667,275.33334,0.16666667,33040,20,68,5,n3287,274.5,217.63867
275.33334,0.16666667,275.33334,0.16666667,33040,20,77,5,n3288,274.5,217.63867
275.5,0.16666667,275.5,0.16666667,33060,20,71,5,n3289,275.5,218.28503
275.5,0.16666667,275.5,0.16666667,33060,20,74,5,n3290,275.5,218.28503
275.5,0.16666667,275.5,0.16666667,33060,20,76,5,n3291,275.5,218.28503
275.66666,0.16666667,275.66666,0.16666667,33080,20,68,5,n3292,275.5,218.28503
275.66666,0.16666667,275.66666,0.16666667,33080,20,77,5,n3293,275.5,218.28503
275.83334,0.16666667,275.83334,0.16666667,33100,20,71,5,n3294,275.5,218.28503
275.83334,0.16666667,275.83334,0.16666667,33100,20,74,5,n3295,275.5,218.28503
275.83334,0.16666667,275.83334,0.16666667,33100,20,76,5,n3296,275.5,218.28503
276.0,0.16666667,276.0,0.16666667,33120,20,68,5,n3297,275.5,218.28503
276.0,0.16666667,276.0,0.16666667,33120,20,77,5,n3298,275.5,218.28503
276.16666,0.16666667,276.16666,0.16666667,33140,20,71,5,n3299,275.5,218.28503
276.16666,0.16666667,276.16666,0.16666667,33140,20,74,5,n3300,275.5,218.28503
276.16666,0.16666667,276.16666,0.16666667,33140,20,79,5,n3301,275.5,218.28503
276.33334,0.16666667,276.33334,0.16666667,33160,20,68,5,n3302,275.5,218.28503
276.33334,0.16666667,276.33334,0.16666667,33160,20,77,5,n3303,275.5,218.28503
276.5,0.5,276.5,0.5,33180,60,71,1,n3304,276.5,218.75847
276.5,0.5,276.5,0.5,33180,60,74,1,n3305,276.5,218.75847
276.5,0.5,276.5,0.5,33180,60,80,1,n3306,276.5,218.75847
277.0,0.16666667,277.0,0.16666667,33240,20,56,1,n3307,276.5,218.75847
277.0,0.5,277.0,0.5,33240,60,41,5,n3317,276.5,218.75847
277.0,0.5,277.0,0.5,33240,60,47,5,n3318,276.5,218.75847
277.0,0.5,277.0,0.5,33240,60,50,5,n3319,276.5,218.75847
277.0,0.5,277.0,0.5,33240,60,53,5,n3320,276.5,218.75847
277.16666,0.16666667,277.16666,0.16666667,33260,20,58,1,n3308,276.5,218.75847
277.33334,0.16666667,277.33334,0.16666667,33280,20,56,1,n3309,276.5,218.75847
277.5,0.16666667,277.5,0.16666667,33300,20,68,1,n3310,277.5,219.3454
277.5,0.5,277.5,0.5,33300,60,41,5,n3321,277.5,219.3454
277.5,0.5,277.5,0.5,33300,60,47,5,n3322,277.5,219.3454
277.5,0.5,277.5,0.5,33300,60,50,5,n3323,277.5,219.3454
277.5,0.5,277.5,0.5,33300,60,53,5,n3324,277.5,219.3454
277.66666,0.16666667,277.66666,0.16666667,33320,20,70,1,n3311,277.5,219.3454
277.83334,0.16666667,277.83334,0.16666667,33340,20,68,1,n3312,277.5,219.3454
278.0,0.16666667,278.0,0.16666667,33360,20,80,1,n3313,277.5,219.3454
278.0,0.5,278.0,0.5,33360,60,41,5,n3325,277.5,219.3454
278.0,0.5,278.0,0.5,33360,60,47,5,n3326,277.5,219.3454
278.0,0.5,278.0,0.5,33360,60,50,5,n3327,277.5,219.3454
278.0,0.5,278.0,0.5,33360,60,53,5,n3328,277.5,219.3454
278.16666,0.16666667,278.16666,0.16666667,33380,20,82,1,n3314,277.5,219.3454
278.33334,0.16666667,278.33334,0.16666667,33400,20,80,1,n3315,277.5,219.3454
278.5,0.16666667,278.5,0.16666667,33420,20,92,1,n3329,278.5,219.96706
278.5,0.5,278.5,0.5,33420,60,41,5,n3341,278.5,219.96706
278.5,0.5,278.5,0.5,33420,60,48,5,n3342,278.5,219.96706
278.5,0.5,278.5,0.5,33420,60,53,5,n3343,278.5,219.96706
278.66666,0.16666667,278.66666,0.16666667,33440,20,94,1,n3330,278.5,219.96706
278.83334,0.16666667,278.83334,0.16666667,33460,20,92,1,n3331,278.5,219.96706
279.0,0.16666667,279.0,0.16666667,33480,20,80,1,n3332,278.5,219.96706
279.16666,0.16666667,279.16666,0.16666667,33500,20,82,1,n3333,278.5,219.96706
279.33334,0.16666667,279.33334,0.16666667,33520,20,80,1,n3334,278.5,219.96706
279.5,0.16666667,279.5,0.16666667,33540,20,94,1,n3335,279.5,220.50325
279.5,0.5,279.5,0.5,33540,60,39,5,n3345,279.5,220.50325
279.5,0.5,279.5,0.5,33540,60,49,5,n3346,279.5,220.50325
279.5,0.5,279.5,0.5,33540,60,55,5,n3347,279.5,220.50325
279.66666,0.16666667,279.66666,0.16666667,33560,20,96,1,n3336,279.5,220.50325
279.83334,0.16666667,279.83334,0.16666667,33580,20,94,1,n3337,279.5,220.50325
280.0,0.16666667,280.0,0.16666667,33600,20,82,1,n3338,279.5,220.50325
280.16666,0.16666667,280.16666,0.16666667,33620,20,84,1,n3339,279.5,220.50325
280.33334,0.16666667,280.33334,0.16666667,33640,20,82,1,n3340,279.5,220.50325
280.5,0.16666667,280.5,0.16666667,33660,20,97,1,n3349,280.5,221.11223
280.5,0.5,280.5,0.5,33660,60,44,5,n3361,280.5,221.11223
280.5,0.5,280.5,0.5,33660,60,48,5,n3362,280.5,221.11223
280.5,0.5,280.5,0.5,33660,60,51,5,n3363,280.5,221.11223
280.5,0.5,280.5,0.5,33660,60,56,5,n3364,280.5,221.11223
280.66666,0.16666667,280.66666,0.16666667,33680,20,96,1,n3350,280.5,221.11223
280.83334,0.16666667,280.83334,0.16666667,33700,20,84,1,n3351,280.5,221.11223
281.0,0.16666667,281.0,0.16666667,33720,20,96,1,n3352,280.5,221.11223
281.0,0.5,281.0,0.5,33720,60,46,5,n3365,280.5,221.11223
281.0,0.5,281.0,0.5,33720,60,49,5,n3366,280.5,221.11223
281.0,0.5,281.0,0.5,33720,60,54,5,n3367,280.5,221.11223
281.0,0.5,281.0,0.5,33720,60,58,5,n3368,280.5,221.11223
281.16666,0.16666667,281.16666,0.16666667,33740,20,94,1,n3353,280.5,221.11223
281.33334,0.16666667,281.33334,0.16666667,33760,20,82,1,n3354,280.5,221.11223
281.5,0.16666667,281.5,0.16666667,33780,20,94,1,n3355,281.5,221.7399
281.5,0.5,281.5,0.5,33780,60,48,5,n3369,281.5,221.7399
281.5,0.5,281.5,0.5,33780,60,53,5,n3370,281.5,221.7399
281.5,0.5,281.5,0.5,33780,60,56,5,n3371,281.5,221.7399
281.5,0.5,281.5,0.5,33780,60,60,5,n3372,281.5,221.7399
281.66666,0.16666667,281.66666,0.16666667,33800,20,92,1,n3356,281.5,221.7399
281.83334,0.16666667,281.83334,0.16666667,33820,20,80,1,n3357,281.5,221.7399
282.0,0.16666667,282.0,0.16666667,33840,20,92,1,n3358,281.5,221.7399
282.0,0.5,282.0,0.5,33840,60,48,5,n3373,281.5,221.7399
282.0,0.5,282.0,0.5,33840,60,52,5,n3374,281.5,221.7399
282.0,0.5,282.0,0.5,33840,60,60,5,n3375,281.5,221.7399
282.16666,0.16666667,282.16666,0.16666667,33860,20,91,1,n3359,281.5,221.7399
282.33334,0.16666667,282.33334,0.16666667,33880,20,79,1,n3360,281.5,221.7399
282.5,0.5,282.5,0.5,33900,60,77,1,n3376,282.5,222.45036
282.5,0.5,282.5,0.5,33900,60,89,1,n3377,282.5,222.45036
282.5,0.5,282.5,0.5,33900,60,41,5,n3379,282.5,222.45036
282.5,0.5,282.5,0.5,33900,60,48,5,n3380,282.5,222.45036
282.5,0.5,282.5,0.5,33900,60,56,5,n3381,282.5,222.45036
283.0,0.16666667,283.0,0.16666667,33960,20,56,5,n3382,282.5,222.45036
283.0,0.16666667,283.0,0.16666667,33960,20,65,5,n3383,282.5,222.45036
283.16666,0.16666667,283.16666,0.16666667,33980,20,59,5,n3384,282.5,222.45036
283.16666,0.16666667,283.16666,0.16666667,33980,20,62,5,n3385,282.5,222.45036
283.16666,0.16666667,283.16666,0.16666667,33980,20,67,5,n3386,282.5,222.45036
283.33334,0.16666667,283.33334,0.16666667,34000,20,56,5,n3387,282.5,222.45036
283.33334,0.16666667,283.33334,0.16666667,34000,20,65,5,n3388,282.5,222.45036
283.5,0.16666667,283.5,0.16666667,34020,20,59,5,n3389,283.5,223.16083
283.5,0.16666667,283.5,0.16666667,34020,20,62,5,n3390,283.5,223.16083
283.5,0.16666667,283.5,0.16666667,34020,20,64,5,n3391,283.5,223.16083
283.66666,0.16666667,283.66666,0.16666667,34040,20,56,5,n3392,283.5,223.16083
283.66666,0.16666667,283.66666,0.16666667,34040,20,65,5,n3393,283.5,223.16083
283.83334,0.16666667,283.83334,0.16666667,34060,20,59,5,n3394,283.5,223.16083
283.83334,0.16666667,283.83334,0.16666667,34060,20,62,5,n3395,283.5,223.16083
283.83334,0.16666667,283.83334,0.16666667,34060,20,64,5,n3396,283.5,223.16083
284.0,0.16666667,284.0,0.16666667,34080,20,56,5,n3397,283.5,223.16083
284.0,0.16666667,284.0,0.16666667,34080,20,65,5,n3398,283.5,223.16083
284.16666,0.16666667,284.16666,0.16666667,34100,20,59,5,n3399,283.5,223.16083
284.16666,0.16666667,284.16666,0.16666667,34100,20,62,5,n3400,283.5,223.16083
284.16666,0.16666667,284.16666,0.16666667,34100,20,67,5,n3401,283.5,223.16083
284.33334,0.16666667,284.33334,0.16666667,34120,20,56,5,n3402,283.5,223.16083
284.33334,0.16666667,284.33334,0.16666667,34120,20,65,5,n3403,283.5,223.16083
284.5,0.5,284.5,0.5,34140,60,59,1,n3404,284.5,223.65363
284.5,0.5,284.5,0.5,34140,60,62,1,n3405,284.5,223.65363
284.5,0.5,284.5,0.5,34140,60,68,1,n3406,284.5,223.65363
285.0,0.16666667,285.0,0.16666667,34200,20,53,1,n3407,284.5,223.65363
285.0,0.5,285.0,0.5,34200,60,29,5,n3417,284.5,223.65363
285.0,0.5,285.0,0.5,34200,60,32,5,n3418,284.5,223.65363
285.0,0.5,285.0,0.5,34200,60,35,5,n3419,284.5,223.65363
285.0,0.5,285.0,0.5,34200,60,38,5,n3420,284.5,223.65363
285.0,0.5,285.0,0.5,34200,60,41,5,n3421,284.5,223.65363
285.16666,0.16666667,285.16666,0.16666667,34220,20,64,1,n3408,284.5,223.65363
285.33334,0.16666667,285.33334,0.16666667,34240,20,65,1,n3409,284.5,223.65363
285.5,0.16666667,285.5,0.16666667,34260,20,64,1,n3410,285.5,224.304
285.5,0.5,285.5,0.5,34260,60,29,5,n3422,285.5,224.304
285.5,0.5,285.5,0.5,34260,60,32,5,n3423,285.5,224.304
285.5,0.5,285.5,0.5,34260,60,35,5,n3424,285.5,224.304
285.5,0.5,285.5,0.5,34260,60,38,5,n3425,285.5,224.304
285.5,0.5,285.5,0.5,34260,60,41,5,n3426,285.5,224.304
285.66666,0.16666667,285.66666,0.16666667,34280,20,76,1,n3411,285.5,224.304
285.83334,0.16666667,285.83334,0.16666667,34300,20,77,1,n3412,285.5,224.304
286.0,0.16666667,286.0,0.16666667,34320,20,76,1,n3413,285.5,224.304
286.0,0.5,286.0,0.5,34320,60,29,5,n3427,285.5,224.304
286.0,0.5,286.0,0.5,34320,60,32,5,n3428,285.5,224.304
286.0,0.5,286.0,0.5,34320,60,35,5,n3429,285.5,224.304
286.0,0.5,286.0,0.5,34320,60,38,5,n3430,285.5,224.304
286.0,0.5,286.0,0.5,34320,60,41,5,n3431,285.5,224.304
286.16666,0.16666667,286.16666,0.16666667,34340,20,88,1,n3414,285.5,224.304
286.33334,0.16666667,286.33334,0.16666667,34360,20,89,1,n3415,285.5,224.304
286.5,0.5,286.5,0.5,34380,60,89,1,n3432,286.5,225.10794
286.5,0.5,286.5,0.5,34380,60,101,1,n3433,286.5,225.10794
286.5,0.5,286.5,0.5,34380,60,29,5,n3435,286.5,225.10794
286.5,0.5,286.5,0.5,34380,60,32,5,n3436,286.5,225.10794
286.5,0.5,286.5,0.5,34380,60,36,5,n3437,286.5,225.10794
286.5,0.5,286.5,0.5,34380,60,41,5,n3438,286.5,225.10794
287.0,0.16666667,287.0,0.16666667,34440,20,56,5,n3439,286.5,225.10794
287.0,0.16666667,287.0,0.16666667,34440,20,65,5,n3440,286.5,225.10794
287.16666,0.16666667,287.16666,0.16666667,34460,20,59,5,n3441,286.5,225.10794
287.16666,0.16666667,287.16666,0.16666667,34460,20,62,5,n3442,286.5,225.10794
287.16666,0.16666667,287.16666,0.16666667,34460,20,67,5,n3443,286.5,225.10794
287.33334,0.16666667,287.33334,0.16666667,34480,20,56,5,n3444,286.5,225.10794
287.33334,0.16666667,287.33334,0.16666667,34480,20,65,5,n3445,286.5,225.10794
287.5,0.16666667,287.5,0.16666667,34500,20,59,5,n3446,287.5,225.87317
287.5,0.16666667,287.5,0.16666667,34500,20,62,5,n3447,287.5,225.87317
287.5,0.16666667,287.5,0.16666667,34500,20,64,5,n3448,287.5,225.87317
287.66666,0.16666667,287.66666,0.16666667,34520,20,56,5,n3449,287.5,225.87317
287.66666,0.16666667,287.66666,0.16666667,34520,20,65,5,n3450,287.5,225.87317
287.83334,0.16666667,287.83334,0.16666667,34540,20,59,5,n3451,287.5,225.87317
287.83334,0.16666667,287.83334,0.16666667,34540,20,62,5,n3452,287.5,225.87317
287.83334,0.16666667,287.83334,0.16666667,34540,20,64,5,n3453,287.5,225.87317
288.0,0.16666667,288.0,0.16666667,34560,20,56,5,n3454,287.5,225.87317
288.0,0.16666667,288.0,0.16666667,34560,20,65,5,n3455,287.5,225.87317
288.16666,0.16666667,288.16666,0.16666667,34580,20,59,5,n3456,287.5,225.87317
288.16666,0.16666667,288.16666,0.16666667,34580,20,62,5,n3457,287.5,225.87317
288.16666,0.16666667,288.16666,0.16666667,34580,20,67,5,n3458,287.5,225.87317
288.33334,0.16666667,288.33334,0.16666667,34600,20,56,5,n3459,287.5,225.87317
288.33334,0.16666667,288.33334,0.16666667,34600,20,65,5,n3460,287.5,225.87317
288.5,0.5,288.5,0.5,34620,60,59,1,n3461,288.5,226.3713
288.5,0.5,288.5,0.5,34620,60,62,1,n3462,288.5,226.3713
288.5,0.5,288.5,0.5,34620,60,68,1,n3463,288.5,226.3713
289.0,0.16666667,289.0,0.16666667,34680,20,53,1,n3464,288.5,226.3713
289.0,0.5,289.0,0.5,34680,60,29,5,n3474,288.5,226.3713
289.0,0.5,289.0,0.5,34680,60,32,5,n3475,288.5,226.3713
289.0,0.5,289.0,0.5,34680,60,35,5,n3476,288.5,226.3713
289.0,0.5,289.0,0.5,34680,60,38,5,n3477,288.5,226.3713
289.0,0.5,289.0,0.5,34680,60,41,5,n3478,288.5,226.3713
289.16666,0.16666667,289.16666,0.16666667,34700,20,64,1,n3465,288.5,226.3713
289.33334,0.16666667,289.33334,0.16666667,34720,20,65,1,n3466,288.5,226.3713
289.5,0.16666667,289.5,0.16666667,34740,20,64,1,n3467,289.5,227.00699
289.5,0.5,289.5,0.5,34740,60,29,5,n3479,289.5,227.00699
289.5,0.5,289.5,0.5,34740,60,32,5,n3480,289.5,227.00699
289.5,0.5,289.5,0.5,34740,60,35,5,n3481,289.5,227.00699
289.5,0.5,289.5,0.5,34740,60,38,5,n3482,289.5,227.00699
289.5,0.5,289.5,0.5,34740,60,41,5,n3483,289.5,227.00699
289.66666,0.16666667,289.66666,0.16666667,34760,20,76,1,n3468,289.5,227.00699
289.83334,0.16666667,289.83334,0.16666667,34780,20,77,1,n3469,289.5,227.00699
290.0,0.16666667,290.0,0.16666667,34800,20,76,1,n3470,289.5,227.00699
290.0,0.5,290.0,0.5,34800,60,29,5,n3484,289.5,227.00699
290.0,0.5,290.0,0.5,34800,60,32,5,n3485,289.5,227.00699
290.0,0.5,290.0,0.5,34800,60,35,5,n3486,289.5,227.00699
290.0,0.5,290.0,0.5,34800,60,38,5,n3487,289.5,227.00699
290.0,0.5,290.0,0.5,34800,60,41,5,n3488,289.5,227.00699
290.16666,0.16666667,290.16666,0.16666667,34820,20,88,1,n3471,289.5,227.00699
290.33334,0.16666667,290.33334,0.16666667,34840,20,89,1,n3472,289.5,227.00699
290.5,0.16666667,290.5,0.16666667,34860,20,89,1,n3489,290.5,227.77888
290.5,0.5,290.5,0.5,34860,60,29,5,n3501,290.5,227.77888
290.5,0.5,290.5,0.5,34860,60,32,5,n3502,290.5,227.77888
290.5,0.5,290.5,0.5,34860,60,36,5,n3503,290.5,227.77888
290.5,0.5,290.5,0.5,34860,60,41,5,n3504,290.5,227.77888
290.66666,0.16666667,290.66666,0.16666667,34880,20,101,1,n3490,290.5,227.77888
290.83334,0.16666667,290.83334,0.16666667,34900,20,88,1,n3491,290.5,227.77888
291.0,0.16666667,291.0,0.16666667,34920,20,100,1,n3492,290.5,227.77888
291.16666,0.16666667,291.16666,0.16666667,34940,20,87,1,n3493,290.5,227.77888
291.33334,0.16666667,291.33334,0.16666667,34960,20,99,1,n3494,290.5,227.77888
291.5,0.16666667,291.5,0.16666667,34980,20,86,1,n3495,291.5,228.71638
291.5,0.5,291.5,0.5,34980,60,31,5,n3506,291.5,228.71638
291.5,0.5,291.5,0.5,34980,60,34,5,n3507,291.5,228.71638
291.5,0.5,291.5,0.5,34980,60,39,5,n3508,291.5,228.71638
291.5,0.5,291.5,0.5,34980,60,43,5,n3509,291.5,228.71638
291.66666,0.16666667,291.66666,0.16666667,35000,20,98,1,n3496,291.5,228.71638
291.83334,0.16666667,291.83334,0.16666667,35020,20,85,1,n3497,291.5,228.71638
292.0,0.16666667,292.0,0.16666667,35040,20,97,1,n3498,291.5,228.71638
292.16666,0.16666667,292.16666,0.16666667,35060,20,84,1,n3499,291.5,228.71638
292.33334,0.16666667,292.33334,0.16666667,35080,20,96,1,n3500,291.5,228.71638
292.5,0.16666667,292.5,0.16666667,35100,20,84,1,n3511,292.5,229.39613
292.5,0.5,292.5,0.5,35100,60,32,5,n3523,292.5,229.39613
292.5,0.5,292.5,0.5,35100,60,36,5,n3524,292.5,229.39613
292.5,0.5,292.5,0.5,35100,60,39,5,n3525,292.5,229.39613
292.5,0.5,292.5,0.5,35100,60,44,5,n3526,292.5,229.39613
292.66666,0.16666667,292.66666,0.16666667,35120,20,96,1,n3512,292.5,229.39613
292.83334,0.16666667,292.83334,0.16666667,35140,20,83,1,n3513,292.5,229.39613
293.0,0.16666667,293.0,0.16666667,35160,20,95,1,n3514,292.5,229.39613
293.0,0.5,293.0,0.5,35160,60,34,5,n3527,292.5,229.39613
293.0,0.5,293.0,0.5,35160,60,37,5,n3528,292.5,229.39613
293.0,0.5,293.0,0.5,35160,60,42,5,n3529,292.5,229.39613
293.0,0.5,293.0,0.5,35160,60,46,5,n3530,292.5,229.39613
293.16666,0.16666667,293.16666,0.16666667,35180,20,82,1,n3515,292.5,229.39613
293.33334,0.16666667,293.33334,0.16666667,35200,20,94,1,n3516,292.5,229.39613
293.5,0.16666667,293.5,0.16666667,35220,20,81,1,n3517,293.5,230.05853
293.5,0.5,293.5,0.5,35220,60,36,5,n3531,293.5,230.05853
293.5,0.5,293.5,0.5,35220,60,41,5,n3532,293.5,230.05853
293.5,0.5,293.5,0.5,35220,60,44,5,n3533,293.5,230.05853
293.5,0.5,293.5,0.5,35220,60,48,5,n3534,293.5,230.05853
293.66666,0.16666667,293.66666,0.16666667,35240,20,93,1,n3518,293.5,230.05853
293.83334,0.16666667,293.83334,0.16666667,35260,20,80,1,n3519,293.5,230.05853
294.0,0.16666667,294.0,0.16666667,35280,20,92,1,n3520,293.5,230.05853
294.0,0.5,294.0,0.5,35280,60,36,5,n3535,293.5,230.05853
294.0,0.5,294.0,0.5,35280,60,40,5,n3536,293.5,230.05853
294.0,0.5,294.0,0.5,35280,60,46,5,n3537,293.5,230.05853
294.0,0.5,294.0,0.5,35280,60,48,5,n3538,293.5,230.05853
294.16666,0.16666667,294.16666,0.16666667,35300,20,79,1,n3521,293.5,230.05853
294.33334,0.16666667,294.33334,0.16666667,35320,20,91,1,n3522,293.5,230.05853
294.5,0.16666667,294.5,0.16666667,35340,20,65,1,n3539,294.5,231.02408
294.5,1.0,294.5,1.0,35340,120,65,2,n3552,294.5,231.02408
294.5,1.0,294.5,1.0,35340,120,53,5,n3554,294.5,231.02408
294.5,0.5,294.5,0.5,35340,60,41,6,n3558,294.5,231.02408
294.5,0.5,294.5,0.5,35340,60,44,6,n3559,294.5,231.02408
294.5,0.5,294.5,0.5,35340,60,48,6,n3560,294.5,231.02408
294.66666,0.16666667,294.66666,0.16666667,35360,20,68,1,n3540,294.5,231.02408
294.66666,0.16666667,294.66666,0.16666667,35360,20,77,1,n3541,294.5,231.02408
294.83334,0.16666667,294.83334,0.16666667,35380,20,72,1,n3542,294.5,231.02408
295.0,0.16666667,295.0,0.16666667,35400,20,77,1,n3543,294.5,231.02408
295.16666,0.16666667,295.16666,0.16666667,35420,20,80,1,n3544,294.5,231.02408
295.16666,0.16666667,295.16666,0.16666667,35420,20,89,1,n3545,294.5,231.02408
295.33334,0.16666667,295.33334,0.16666667,35440,20,84,1,n3546,294.5,231.02408
295.5,0.16666667,295.5,0.16666667,35460,20,89,1,n3547,295.5,232.019
295.5,0.75,295.5,0.75,35460,90,53,5,n3555,295.5,232.019
295.5,0.75,295.5,0.75,35460,90,65,5,n3556,295.5,232.019
295.66666,0.16666667,295.66666,0.16666667,35480,20,92,1,n3548,295.5,232.019
295.66666,0.16666667,295.66666,0.16666667,35480,20,101,1,n3549,295.5,232.019
295.83334,0.16666667,295.83334,0.16666667,35500,20,96,1,n3550,295.5,232.019
296.25,0.25,296.25,0.25,35550,30,65,2,n3553,295.5,232.019
296.25,0.25,296.25,0.25,35550,30,53,5,n3557,295.5,232.019
296.5,0.16666667,296.5,0.16666667,35580,20,64,1,n3561,296.5,232.98053
296.5,1.5,296.5,1.5,35580,180,64,2,n3574,296.5,232.98053
296.5,1.5,296.5,1.5,35580,180,52,5,n3575,296.5,232.98053
296.5,0.5,296.5,0.5,35580,60,41,6,n3578,296.5,232.98053
296.5,0.5,296.5,0.5,35580,60,46,6,n3579,296.5,232.98053
296.5,0.5,296.5,0.5,35580,60,49,6,n3580,296.5,232.98053
296.66666,0.16666667,296.66666,0.16666667,35600,20,67,1,n3562,296.5,232.98053
296.66666,0.16666667,296.66666,0.16666667,35600,20,76,1,n3563,296.5,232.98053
296.83334,0.16666667,296.83334,0.16666667,35620,20,70,1,n3564,296.5,232.98053
297.0,0.16666667,297.0,0.16666667,35640,20,76,1,n3565,296.5,232.98053
297.16666,0.16666667,297.16666,0.16666667,35660,20,79,1,n3566,296.5,232.98053
297.16666,0.16666667,297.16666,0.16666667,35660,20,88,1,n3567,296.5,232.98053
297.33334,0.16666667,297.33334,0.16666667,35680,20,82,1,n3568,296.5,232.98053
297.5,0.16666667,297.5,0.16666667,35700,20,88,1,n3569,297.5,233.63492
297.66666,0.16666667,297.66666,0.16666667,35720,20,91,1,n3570,297.5,233.63492
297.66666,0.16666667,297.66666,0.16666667,35720,20,100,1,n3571,297.5,233.63492
297.83334,0.16666667,297.83334,0.16666667,35740,20,94,1,n3572,297.5,233.63492
298.0,0.5,298.0,0.5,35760,60,52,5,n3576,297.5,233.63492
298.0,0.5,298.0,0.5,35760,60,64,5,n3577,297.5,233.63492
298.5,0.16666667,298.5,0.16666667,35820,20,63,1,n3581,298.5,234.13705
298.5,0.5,298.5,0.5,35820,60,63,2,n3594,298.5,234.13705
298.5,0.5,298.5,0.5,35820,60,51,5,n3595,298.5,234.13705
298.5,0.5,298.5,0.5,35820,60,41,6,n3602,298.5,234.13705
298.5,0.5,298.5,0.5,35820,60,45,6,n3603,298.5,234.13705
298.5,0.5,298.5,0.5,35820,60,48,6,n3604,298.5,234.13705
298.66666,0.16666667,298.66666,0.16666667,35840,20,66,1,n3582,298.5,234.13705
298.66666,0.16666667,298.66666,0.16666667,35840,20,75,1,n3583,298.5,234.13705
298.83334,0.16666667,298.83334,0.16666667,35860,20,69,1,n3584,298.5,234.13705
299.0,0.16666667,299.0,0.16666667,35880,20,75,1,n3585,298.5,234.13705
299.0,0.5,299.0,0.5,35880,60,51,5,n3596,298.5,234.13705
299.0,0.5,299.0,0.5,35880,60,63,5,n3597,298.5,234.13705
299.16666,0.16666667,299.16666,0.16666667,35900,20,78,1,n3586,298.5,234.13705
299.16666,0.16666667,299.16666,0.16666667,35900,20,87,1,n3587,298.5,234.13705
299.33334,0.16666667,299.33334,0.16666667,35920,20,81,1,n3588,298.5,234.13705
299.5,0.16666667,299.5,0.16666667,35940,20,87,1,n3589,299.5,234.9864
299.5,0.5,299.5,0.5,35940,60,53,5,n3598,299.5,234.9864
299.5,0.5,299.5,0.5,35940,60,65,5,n3599,299.5,234.9864
299.66666,0.16666667,299.66666,0.16666667,35960,20,90,1,n3590,299.5,234.9864
299.66666,0.16666667,299.66666,0.16666667,35960,20,99,1,n3591,299.5,234.9864
299.83334,0.16666667,299.83334,0.16666667,35980,20,93,1,n3592,299.5,234.9864
300.0,0.5,300.0,0.5,36000,60,54,5,n3600,299.5,234.9864
300.0,0.5,300.0,0.5,36000,60,66,5,n3601,299.5,234.9864
300.5,0.16666667,300.5,0.16666667,36060,20,62,1,n3605,300.5,235.66483
300.5,0.75,300.5,0.75,36060,90,68,5,n3617,300.5,235.66483
300.5,0.75,300.5,0.75,36060,90,56,6,n3622,300.5,235.66483
300.5,0.5,300.5,0.5,36060,60,41,7,n3623,300.5,235.66483
300.5,0.5,300.5,0.5,36060,60,47,7,n3624,300.5,235.66483
300.5,0.5,300.5,0.5,36060,60,50,7,n3625,300.5,235.66483
300.66666,0.16666667,300.66666,0.16666667,36080,20,74,1,n3606,300.5,235.66483
300.83334,0.16666667,300.83334,0.16666667,36100,20,65,1,n3607,300.5,235.66483
301.0,0.16666667,301.0,0.16666667,36120,20,74,1,n3608,300.5,235.66483
301.16666,0.16666667,301.16666,0.16666667,36140,20,77,1,n3609,300.5,235.66483
301.16666,0.16666667,301.16666,0.16666667,36140,20,86,1,n3610,300.5,235.66483
301.25,0.25,301.25,0.25,36150,30,53,5,n3618,300.5,235.66483
301.25,0.25,301.25,0.25,36150,30,65,5,n3619,300.5,235.66483
301.33334,0.16666667,301.33334,0.16666667,36160,20,80,1,n3611,300.5,235.66483
301.5,0.16666667,301.5,0.16666667,36180,20,86,1,n3612,301.5,236.34459
301.5,1.0,301.5,1.0,36180,120,50,5,n3620,301.5,236.34459
301.5,1.0,301.5,1.0,36180,120,62,5,n3621,301.5,236.34459
301.66666,0.16666667,301.66666,0.16666667,36200,20,89,1,n3613,301.5,236.34459
301.66666,0.16666667,301.66666,0.16666667,36200,20,98,1,n3614,301.5,236.34459
301.83334,0.16666667,301.83334,0.16666667,36220,20,92,1,n3615,301.5,236.34459
302.5,0.16666667,302.5,0.16666667,36300,20,61,1,n3626,302.5,237.17525
302.5,1.0,302.5,1.0,36300,120,61,2,n3639,302.5,237.17525
302.5,1.0,302.5,1.0,36300,120,49,5,n3641,302.5,237.17525
302.5,0.5,302.5,0.5,36300,60,40,6,n3645,302.5,237.17525
302.5,0.5,302.5,0.5,36300,60,43,6,n3646,302.5,237.17525
302.5,0.5,302.5,0.5,36300,60,46,6,n3647,302.5,237.17525
302.66666,0.16666667,302.66666,0.16666667,36320,20,64,1,n3627,302.5,237.17525
302.66666,0.16666667,302.66666,0.16666667,36320,20,73,1,n3628,302.5,237.17525
302.83334,0.16666667,302.83334,0.16666667,36340,20,67,1,n3629,302.5,237.17525
303.0,0.16666667,303.0,0.16666667,36360,20,73,1,n3630,302.5,237.17525
303.16666,0.16666667,303.16666,0.16666667,36380,20,76,1,n3631,302.5,237.17525
303.16666,0.16666667,303.16666,0.16666667,36380,20,85,1,n3632,302.5,237.17525
303.33334,0.16666667,303.33334,0.16666667,36400,20,79,1,n3633,302.5,237.17525
303.5,0.16666667,303.5,0.16666667,36420,20,85,1,n3634,303.5,237.95248
303.5,0.75,303.5,0.75,36420,90,49,5,n3642,303.5,237.95248
303.5,0.75,303.5,0.75,36420,90,61,5,n3643,303.5,237.95248
303.66666,0.16666667,303.66666,0.16666667,36440,20,88,1,n3635,303.5,237.95248
303.66666,0.16666667,303.66666,0.16666667,36440,20,97,1,n3636,303.5,237.95248
303.83334,0.16666667,303.83334,0.16666667,36460,20,91,1,n3637,303.5,237.95248
304.25,0.25,304.25,0.25,36510,30,61,2,n3640,303.5,237.95248
304.25,0.25,304.25,0.25,36510,30,49,5,n3644,303.5,237.95248
304.5,0.16666667,304.5,0.16666667,36540,20,60,1,n3648,304.5,238.84592
304.5,1.5,304.5,1.5,36540,180,64,2,n3661,304.5,238.84592
304.5,1.5,304.5,1.5,36540,180,48,5,n3662,304.5,238.84592
304.5,0.5,304.5,0.5,36540,60,39,6,n3665,304.5,238.84592
304.5,0.5,304.5,0.5,36540,60,42,6,n3666,304.5,238.84592
304.5,0.5,304.5,0.5,36540,60,45,6,n3667,304.5,238.84592
304.66666,0.16666667,304.66666,0.16666667,36560,20,64,1,n3649,304.5,238.84592
304.66666,0.16666667,304.66666,0.16666667,36560,20,72,1,n3650,304.5,238.84592
304.83334,0.16666667,304.83334,0.16666667,36580,20,66,1,n3651,304.5,238.84592
305.0,0.16666667,305.0,0.16666667,36600,20,72,1,n3652,304.5,238.84592
305.16666,0.16666667,305.16666,0.16666667,36620,20,75,1,n3653,304.5,238.84592
305.16666,0.16666667,305.16666,0.16666667,36620,20,84,1,n3654,304.5,238.84592
305.33334,0.16666667,305.33334,0.16666667,36640,20,78,1,n3655,304.5,238.84592
305.5,0.16666667,305.5,0.16666667,36660,20,84,1,n3656,305.5,239.53902
305.66666,0.16666667,305.66666,0.16666667,36680,20,87,1,n3657,305.5,239.53902
305.66666,0.16666667,305.66666,0.16666667,36680,20,96,1,n3658,305.5,239.53902
305.83334,0.16666667,305.83334,0.16666667,36700,20,90,1,n3659,305.5,239.53902
306.0,0.5,306.0,0.5,36720,60,48,5,n3663,305.5,239.53902
306.0,0.5,306.0,0.5,36720,60,60,5,n3664,305.5,239.53902
306.5,0.16666667,306.5,0.16666667,36780,20,59,1,n3668,306.5,240.16402
306.5,0.5,306.5,0.5,36780,60,59,2,n3681,306.5,240.16402
306.5,0.5,306.5,0.5,36780,60,47,5,n3682,306.5,240.16402
306.5,0.5,306.5,0.5,36780,60,38,6,n3689,306.5,240.16402
306.5,0.5,306.5,0.5,36780,60,41,6,n3690,306.5,240.16402
306.5,0.5,306.5,0.5,36780,60,44,6,n3691,306.5,240.16402
306.66666,0.16666667,306.66666,0.16666667,36800,20,62,1,n3669,306.5,240.16402
306.66666,0.16666667,306.66666,0.16666667,36800,20,71,1,n3670,306.5,240.16402
306.83334,0.16666667,306.83334,0.16666667,36820,20,65,1,n3671,306.5,240.16402
307.0,0.16666667,307.0,0.16666667,36840,20,71,1,n3672,306.5,240.16402
307.0,0.5,307.0,0.5,36840,60,47,5,n3683,306.5,240.16402
307.0,0.5,307.0,0.5,36840,60,59,5,n3684,306.5,240.16402
307.16666,0.16666667,307.16666,0.16666667,36860,20,74,1,n3673,306.5,240.16402
307.16666,0.16666667,307.16666,0.16666667,36860,20,83,1,n3674,306.5,240.16402
307.33334,0.16666667,307.33334,0.16666667,36880,20,77,1,n3675,306.5,240.16402
307.5,0.16666667,307.5,0.16666667,36900,20,83,1,n3676,307.5,240.92792
307.5,0.5,307.5,0.5,36900,60,48,5,n3685,307.5,240.92792
307.5,0.5,307.5,0.5,36900,60,60,5,n3686,307.5,240.92792
307.66666,0.16666667,307.66666,0.16666667,36920,20,86,1,n3677,307.5,240.92792
307.66666,0.16666667,307.66666,0.16666667,36920,20,95,1,n3678,307.5,240.92792
307.83334,0.16666667,307.83334,0.16666667,36940,20,89,1,n3679,307.5,240.92792
308.0,0.5,308.0,0.5,36960,60,50,5,n3687,307.5,240.92792
308.0,0.5,308.0,0.5,36960,60,62,5,n3688,307.5,240.92792
308.5,0.16666667,308.5,0.16666667,37020,20,58,1,n3692,308.5,241.5883
308.5,0.75,308.5,0.75,37020,90,64,2,n3704,308.5,241.5883
308.5,0.75,308.5,0.75,37020,90,52,5,n3705,308.5,241.5883
308.5,0.5,308.5,0.5,37020,60,37,6,n3710,308.5,241.5883
308.5,0.5,308.5,0.5,37020,60,43,6,n3711,308.5,241.5883
308.5,0.5,308.5,0.5,37020,60,46,6,n3712,308.5,241.5883
308.66666,0.16666667,308.66666,0.16666667,37040,20,70,1,n3693,308.5,241.5883
308.83334,0.16666667,308.83334,0.16666667,37060,20,61,1,n3694,308.5,241.5883
309.0,0.16666667,309.0,0.16666667,37080,20,70,1,n3695,308.5,241.5883
309.16666,0.16666667,309.16666,0.16666667,37100,20,73,1,n3696,308.5,241.5883
309.16666,0.16666667,309.16666,0.16666667,37100,20,82,1,n3697,308.5,241.5883
309.25,0.25,309.25,0.25,37110,30,49,5,n3706,308.5,241.5883
309.25,0.25,309.25,0.25,37110,30,61,5,n3707,308.5,241.5883
309.33334,0.16666667,309.33334,0.16666667,37120,20,76,1,n3698,308.5,241.5883
309.5,0.16666667,309.5,0.16666667,37140,20,82,1,n3699,309.5,242.234
309.5,1.0,309.5,1.0,37140,120,46,5,n3708,309.5,242.234
309.5,1.0,309.5,1.0,37140,120,58,5,n3709,309.5,242.234
309.66666,0.16666667,309.66666,0.16666667,37160,20,85,1,n3700,309.5,242.234
309.66666,0.16666667,309.66666,0.16666667,37160,20,94,1,n3701,309.5,242.234
309.83334,0.16666667,309.83334,0.16666667,37180,20,88,1,n3702,309.5,242.234
310.5,0.16666667,310.5,0.16666667,37260,20,57,1,n3713,310.5,242.99121
310.5,0.5,310.5,0.5,37260,60,57,2,n3726,310.5,242.99121
310.5,0.5,310.5,0.5,37260,60,45,5,n3727,310.5,242.99121
310.5,0.5,310.5,0.5,37260,60,36,6,n3734,310.5,242.99121
310.5,0.5,310.5,0.5,37260,60,39,6,n3735,310.5,242.99121
310.5,0.5,310.5,0.5,37260,60,42,6,n3736,310.5,242.99121
310.66666,0.16666667,310.66666,0.16666667,37280,20,60,1,n3714,310.5,242.99121
310.66666,0.16666667,310.66666,0.16666667,37280,20,69,1,n3715,310.5,242.99121
310.83334,0.16666667,310.83334,0.16666667,37300,20,63,1,n3716,310.5,242.99121
311.0,0.16666667,311.0,0.16666667,37320,20,69,1,n3717,310.5,242.99121
311.0,0.5,311.0,0.5,37320,60,45,5,n3728,310.5,242.99121
311.0,0.5,311.0,0.5,37320,60,57,5,n3729,310.5,242.99121
311.16666,0.16666667,311.16666,0.16666667,37340,20,72,1,n3718,310.5,242.99121
311.16666,0.16666667,311.16666,0.16666667,37340,20,81,1,n3719,310.5,242.99121
311.33334,0.16666667,311.33334,0.16666667,37360,20,75,1,n3720,310.5,242.99121
311.5,0.16666667,311.5,0.16666667,37380,20,81,1,n3721,311.5,243.7965
311.5,0.5,311.5,0.5,37380,60,46,5,n3730,311.5,243.7965
311.5,0.5,311.5,0.5,37380,60,58,5,n3731,311.5,243.7965
311.66666,0.16666667,311.66666,0.16666667,37400,20,84,1,n3722,311.5,243.7965
311.66666,0.16666667,311.66666,0.16666667,37400,20,93,1,n3723,311.5,243.7965
311.83334,0.16666667,311.83334,0.16666667,37420,20,87,1,n3724,311.5,243.7965
312.0,0.5,312.0,0.5,37440,60,48,5,n3732,311.5,243.7965
312.0,0.5,312.0,0.5,37440,60,60,5,n3733,311.5,243.7965
312.5,0.16666667,312.5,0.16666667,37500,20,56,1,n3737,312.5,244.68324
312.5,1.0,312.5,1.0,37500,120,62,2,n3752,312.5,244.68324
312.5,0.5,312.5,0.5,37500,60,35,5,n3753,312.5,244.68324
312.5,0.5,312.5,0.5,37500,60,41,5,n3754,312.5,244.68324
312.5,0.5,312.5,0.5,37500,60,44,5,n3755,312.5,244.68324
312.5,0.5,312.5,0.5,37500,60,50,5,n3756,312.5,244.68324
312.66666,0.16666667,312.66666,0.16666667,37520,20,68,1,n3738,312.5,244.68324
312.83334,0.16666667,312.83334,0.16666667,37540,20,59,1,n3739,312.5,244.68324
313.0,0.16666667,313.0,0.16666667,37560,20,61,1,n3740,312.5,244.68324
313.0,0.5,313.0,0.5,37560,60,47,5,n3757,312.5,244.68324
313.0,0.5,313.0,0.5,37560,60,56,5,n3758,312.5,244.68324
313.16666,0.16666667,313.16666,0.16666667,37580,20,65,1,n3741,312.5,244.68324
313.16666,0.16666667,313.16666,0.16666667,37580,20,74,1,n3742,312.5,244.68324
313.33334,0.16666667,313.33334,0.16666667,37600,20,68,1,n3743,312.5,244.68324
313.5,0.16666667,313.5,0.16666667,37620,20,68,1,n3744,313.5,245.42444
313.5,0.5,313.5,0.5,37620,60,53,5,n3759,313.5,245.42444
313.5,0.5,313.5,0.5,37620,60,62,5,n3760,313.5,245.42444
313.66666,0.16666667,313.66666,0.16666667,37640,20,71,1,n3745,313.5,245.42444
313.66666,0.16666667,313.66666,0.16666667,37640,20,80,1,n3746,313.5,245.42444
313.83334,0.16666667,313.83334,0.16666667,37660,20,74,1,n3747,313.5,245.42444
314.0,0.16666667,314.0,0.16666667,37680,20,74,1,n3748,313.5,245.42444
314.0,0.5,314.0,0.5,37680,60,59,5,n3761,313.5,245.42444
314.0,0.5,314.0,0.5,37680,60,68,5,n3762,313.5,245.42444
314.16666,0.16666667,314.16666,0.16666667,37700,20,77,1,n3749,313.5,245.42444
314.16666,0.16666667,314.16666,0.16666667,37700,20,86,1,n3750,313.5,245.42444
314.33334,0.16666667,314.33334,0.16666667,37720,20,80,1,n3751,313.5,245.42444
314.5,0.16666667,314.5,0.16666667,37740,20,80,1,n3763,314.5,245.9012
314.5,0.5,314.5,0.5,37740,60,65,5,n3776,314.5,245.9012
314.5,0.5,314.5,0.5,37740,60,74,5,n3777,314.5,245.9012
314.66666,0.16666667,314.66666,0.16666667,37760,20,83,1,n3764,314.5,245.9012
314.66666,0.16666667,314.66666,0.16666667,37760,20,92,1,n3765,314.5,245.9012
314.83334,0.16666667,314.83334,0.16666667,37780,20,86,1,n3766,314.5,245.9012
315.0,0.16666667,315.0,0.16666667,37800,20,86,1,n3767,314.5,245.9012
315.0,0.5,315.0,0.5,37800,60,71,5,n3778,314.5,245.9012
315.0,0.5,315.0,0.5,37800,60,80,5,n3779,314.5,245.9012
315.16666,0.16666667,315.16666,0.16666667,37820,20,89,1,n3768,314.5,245.9012
315.16666,0.16666667,315.16666,0.16666667,37820,20,98,1,n3769,314.5,245.9012
315.33334,0.16666667,315.33334,0.16666667,37840,20,92,1,n3770,315.25,248.1982
315.5,0.16666667,315.5,0.16666667,37860,20,92,1,n3771,315.25,248.1982
315.5,0.5,315.5,0.5,37860,60,77,5,n3780,315.25,248.1982
315.5,0.5,315.5,0.5,37860,60,86,5,n3781,315.25,248.1982
315.66666,0.16666667,315.66666,0.16666667,37880,20,95,1,n3772,315.25,248.1982
315.66666,0.16666667,315.66666,0.16666667,37880,20,104,1,n3773,315.25,248.1982
315.83334,0.16666667,315.83334,0.16666667,37900,20,98,1,n3774,315.25,248.1982
316.83334,0.33333334,316.83334,0.33333334,38020,40,77,1,n3784,316.75,249.31866
316.83334,0.33333334,316.83334,0.33333334,38020,40,83,1,n3785,316.75,249.31866
316.83334,0.33333334,316.83334,0.33333334,38020,40,86,1,n3786,316.75,249.31866
316.83334,0.33333334,316.83334,0.33333334,38020,40,92,1,n3787,316.75,249.31866
316.83334,0.33333334,316.83334,0.33333334,38020,40,59,5,n3827,316.75,249.31866
316.83334,0.33333334,316.83334,0.33333334,38020,40,65,5,n3828,316.75,249.31866
316.83334,0.33333334,316.83334,0.33333334,38020,40,68,5,n3829,316.75,249.31866
316.83334,0.33333334,316.83334,0.33333334,38020,40,74,5,n3830,316.75,249.31866
317.16666,0.33333334,317.16666,0.33333334,38060,40,78,1,n3788,316.75,249.31866
317.16666,0.33333334,317.16666,0.33333334,38060,40,84,1,n3789,316.75,249.31866
317.16666,0.33333334,317.16666,0.33333334,38060,40,87,1,n3790,316.75,249.31866
317.16666,0.33333334,317.16666,0.33333334,38060,40,93,1,n3791,316.75,249.31866
317.16666,0.33333334,317.16666,0.33333334,38060,40,57,5,n3831,316.75,249.31866
317.16666,0.33333334,317.16666,0.33333334,38060,40,63,5,n3832,316.75,249.31866
317.16666,0.33333334,317.16666,0.33333334,38060,40,66,5,n3833,316.75,249.31866
317.16666,0.33333334,317.16666,0.33333334,38060,40,72,5,n3834,316.75,249.31866
317.5,0.33333334,317.5,0.33333334,38100,40,79,1,n3792,317.5,249.71596
317.5,0.33333334,317.5,0.33333334,38100,40,85,1,n3793,317.5,249.71596
317.5,0.33333334,317.5,0.33333334,38100,40,88,1,n3794,317.5,249.71596
317.5,0.33333334,317.5,0.33333334,38100,40,94,1,n3795,317.5,249.71596
317.5,0.33333334,317.5,0.33333334,38100,40,55,5,n3835,317.5,249.71596
317.5,0.33333334,317.5,0.33333334,38100,40,61,5,n3836,317.5,249.71596
317.5,0.33333334,317.5,0.33333334,38100,40,64,5,n3837,317.5,249.71596
317.5,0.33333334,317.5,0.33333334,38100,40,70,5,n3838,317.5,249.71596
317.83334,0.33333334,317.83334,0.33333334,38140,40,80,1,n3796,317.5,249.71596
317.83334,0.33333334,317.83334,0.33333334,38140,40,86,1,n3797,317.5,249.71596
317.83334,0.33333334,317.83334,0.33333334,38140,40,89,1,n3798,317.5,249.71596
317.83334,0.33333334,317.83334,0.33333334,38140,40,95,1,n3799,317.5,249.71596
317.83334,0.33333334,317.83334,0.33333334,38140,40,53,5,n3839,317.5,249.71596
317.83334,0.33333334,317.83334,0.33333334,38140,40,59,5,n3840,317.5,249.71596
317.83334,0.33333334,317.83334,0.33333334,38140,40,62,5,n3841,317.5,249.71596
317.83334,0.33333334,317.83334,0.33333334,38140,40,68,5,n3842,317.5,249.71596
318.16666,0.33333334,318.16666,0.33333334,38180,40,81,1,n3800,317.5,249.71596
318.16666,0.33333334,318.16666,0.33333334,38180,40,87,1,n3801,317.5,249.71596
318.16666,0.33333334,318.16666,0.33333334,38180,40,90,1,n3802,317.5,249.71596
318.16666,0.33333334,318.16666,0.33333334,38180,40,96,1,n3803,317.5,249.71596
318.16666,0.33333334,318.16666,0.33333334,38180,40,51,5,n3843,317.5,249.71596
318.16666,0.33333334,318.16666,0.33333334,38180,40,57,5,n3844,317.5,249.71596
318.16666,0.33333334,318.16666,0.33333334,38180,40,60,5,n3845,317.5,249.71596
318.16666,0.33333334,318.16666,0.33333334,38180,40,66,5,n3846,317.5,249.71596
318.5,0.33333334,318.5,0.33333334,38220,40,82,1,n3804,318.25,250.34897
318.5,0.33333334,318.5,0.33333334,38220,40,88,1,n3805,318.25,250.34897
318.5,0.33333334,318.5,0.33333334,38220,40,90,1,n3806,318.25,250.34897
318.5,0.33333334,318.5,0.33333334,38220,40,97,1,n3807,318.25,250.34897
318.5,0.33333334,318.5,0.33333334,38220,40,49,5,n3847,318.25,250.34897
318.5,0.33333334,318.5,0.33333334,38220,40,55,5,n3848,318.25,250.34897
318.5,0.33333334,318.5,0.33333334,38220,40,58,5,n3849,318.25,250.34897
318.5,0.33333334,318.5,0.33333334,38220,40,64,5,n3850,318.25,250.34897
318.83334,0.33333334,318.83334,0.33333334,38260,40,83,1,n3808,318.25,250.34897
318.83334,0.33333334,318.83334,0.33333334,38260,40,89,1,n3809,318.25,250.34897
318.83334,0.33333334,318.83334,0.33333334,38260,40,92,1,n3810,318.25,250.34897
318.83334,0.33333334,318.83334,0.33333334,38260,40,98,1,n3811,318.25,250.34897
318.83334,0.33333334,318.83334,0.33333334,38260,40,47,5,n3851,318.25,250.34897
318.83334,0.33333334,318.83334,0.33333334,38260,40,53,5,n3852,318.25,250.34897
318.83334,0.33333334,318.83334,0.33333334,38260,40,56,5,n3853,318.25,250.34897
318.83334,0.33333334,318.83334,0.33333334,38260,40,62,5,n3854,318.25,250.34897
319.16666,0.33333334,319.16666,0.33333334,38300,40,84,1,n3812,318.25,250.34897
319.16666,0.33333334,319.16666,0.33333334,38300,40,90,1,n3813,318.25,250.34897
319.16666,0.33333334,319.16666,0.33333334,38300,40,93,1,n3814,318.25,250.34897
319.16666,0.33333334,319.16666,0.33333334,38300,40,99,1,n3815,318.25,250.34897
319.16666,0.33333334,319.16666,0.33333334,38300,40,45,5,n3855,318.25,250.34897
319.16666,0.33333334,319.16666,0.33333334,38300,40,51,5,n3856,318.25,250.34897
319.16666,0.33333334,319.16666,0.33333334,38300,40,54,5,n3857,318.25,250.34897
319.16666,0.33333334,319.16666,0.33333334,38300,40,60,5,n3858,318.25,250.34897
319.5,0.33333334,319.5,0.33333334,38340,40,85,1,n3816,318.25,250.34897
319.5,0.33333334,319.5,0.33333334,38340,40,91,1,n3817,318.25,250.34897
319.5,0.33333334,319.5,0.33333334,38340,40,94,1,n3818,318.25,250.34897
319.5,0.33333334,319.5,0.33333334,38340,40,100,1,n3819,318.25,250.34897
319.5,0.33333334,319.5,0.33333334,38340,40,43,5,n3859,318.25,250.34897
319.5,0.33333334,319.5,0.33333334,38340,40,49,5,n3860,318.25,250.34897
319.5,0.33333334,319.5,0.33333334,38340,40,52,5,n3861,318.25,250.34897
319.5,0.33333334,319.5,0.33333334,38340,40,58,5,n3862,318.25,250.34897
319.83334,0.33333334,319.83334,0.33333334,38380,40,86,1,n3820,318.25,250.34897
319.83334,0.33333334,319.83334,0.33333334,38380,40,92,1,n3821,318.25,250.34897
319.83334,0.33333334,319.83334,0.33333334,38380,40,95,1,n3822,318.25,250.34897
319.83334,0.33333334,319.83334,0.33333334,38380,40,101,1,n3823,318.25,250.34897
319.83334,0.33333334,319.83334,0.33333334,38380,40,41,5,n3863,318.25,250.34897
319.83334,0.33333334,319.83334,0.33333334,38380,40,47,5,n3864,318.25,250.34897
319.83334,0.33333334,319.83334,0.33333334,38380,40,49,5,n3865,318.25,250.34897
319.83334,0.33333334,319.83334,0.33333334,38380,40,56,5,n3866,318.25,250.34897
320.5,0.5,320.5,0.5,38460,60,37,5,n3868,318.25,250.34897
320.5,0.5,320.5,0.5,38460,60,49,5,n3869,318.25,250.34897
321.0,0.5,321.0,0.5,38520,60,28,5,n3890,321.0,252.76216
321.0,0.5,321.0,0.5,38520,60,31,5,n3891,321.0,252.76216
321.0,0.5,321.0,0.5,38520,60,40,5,n3892,321.0,252.76216
321.16666,0.16666667,321.16666,0.16666667,38540,20,49,1,n3871,321.0,252.76216
321.16666,0.16666667,321.16666,0.16666667,38540,20,61,1,n3872,321.0,252.76216
321.33334,0.16666667,321.33334,0.16666667,38560,20,48,1,n3873,321.0,252.76216
321.33334,0.16666667,321.33334,0.16666667,38560,20,60,1,n3874,321.0,252.76216
321.5,0.5,321.5,0.5,38580,60,29,5,n3893,321.0,252.76216
321.5,0.5,321.5,0.5,38580,60,32,5,n3894,321.0,252.76216
321.5,0.5,321.5,0.5,38580,60,41,5,n3895,321.0,252.76216
321.66666,0.16666667,321.66666,0.16666667,38600,20,47,1,n3876,321.0,252.76216
321.66666,0.16666667,321.66666,0.16666667,38600,20,59,1,n3877,321.0,252.76216
321.83334,0.16666667,321.83334,0.16666667,38620,20,48,1,n3878,321.0,252.76216
321.83334,0.16666667,321.83334,0.16666667,38620,20,60,1,n3879,321.0,252.76216
322.0,0.5,322.0,0.5,38640,60,31,5,n3896,322.0,253.51471
322.0,0.5,322.0,0.5,38640,60,34,5,n3897,322.0,253.51471
322.0,0.5,322.0,0.5,38640,60,43,5,n3898,322.0,253.51471
322.16666,0.16666667,322.16666,0.16666667,38660,20,49,1,n3881,322.0,253.51471
322.16666,0.16666667,322.16666,0.16666667,38660,20,61,1,n3882,322.0,253.51471
322.33334,0.16666667,322.33334,0.16666667,38680,20,48,1,n3883,322.0,253.51471
322.33334,0.16666667,322.33334,0.16666667,38680,20,60,1,n3884,322.0,253.51471
322.5,0.5,322.5,0.5,38700,60,28,5,n3899,322.0,253.51471
322.5,0.5,322.5,0.5,38700,60,31,5,n3900,322.0,253.51471
322.5,0.5,322.5,0.5,38700,60,40,5,n3901,322.0,253.51471
322.66666,0.16666667,322.66666,0.16666667,38720,20,47,1,n3886,322.0,253.51471
322.66666,0.16666667,322.66666,0.16666667,38720,20,59,1,n3887,322.0,253.51471
322.83334,0.16666667,322.83334,0.16666667,38740,20,48,1,n3888,322.0,253.51471
322.83334,0.16666667,322.83334,0.16666667,38740,20,60,1,n3889,322.0,253.51471
323.0,0.5,323.0,0.5,38760,60,29,5,n3922,323.0,254.08495
323.0,0.5,323.0,0.5,38760,60,32,5,n3923,323.0,254.08495
323.0,0.5,323.0,0.5,38760,60,41,5,n3924,323.0,254.08495
323.16666,0.16666667,323.16666,0.16666667,38780,20,49,1,n3903,323.0,254.08495
323.16666,0.16666667,323.16666,0.16666667,38780,20,61,1,n3904,323.0,254.08495
323.33334,0.16666667,323.33334,0.16666667,38800,20,48,1,n3905,323.0,254.08495
323.33334,0.16666667,323.33334,0.16666667,38800,20,60,1,n3906,323.0,254.08495
323.5,0.5,323.5,0.5,38820,60,32,5,n3925,323.0,254.08495
323.5,0.5,323.5,0.5,38820,60,36,5,n3926,323.0,254.08495
323.5,0.5,323.5,0.5,38820,60,44,5,n3927,323.0,254.08495
323.66666,0.16666667,323.66666,0.16666667,38840,20,55,1,n3908,323.0,254.08495
323.66666,0.16666667,323.66666,0.16666667,38840,20,67,1,n3909,323.0,254.08495
323.83334,0.16666667,323.83334,0.16666667,38860,20,53,1,n3910,323.0,254.08495
323.83334,0.16666667,323.83334,0.16666667,38860,20,65,1,n3911,323.0,254.08495
324.0,0.5,324.0,0.5,38880,60,34,5,n3928,324.0,254.64185
324.0,0.5,324.0,0.5,38880,60,41,5,n3929,324.0,254.64185
324.0,0.5,324.0,0.5,38880,60,43,5,n3930,324.0,254.64185
324.16666,0.16666667,324.16666,0.16666667,38900,20,51,1,n3913,324.0,254.64185
324.16666,0.16666667,324.16666,0.16666667,38900,20,63,1,n3914,324.0,254.64185
324.33334,0.16666667,324.33334,0.16666667,38920,20,49,1,n3915,324.0,254.64185
324.33334,0.16666667,324.33334,0.16666667,38920,20,61,1,n3916,324.0,254.64185
324.5,0.5,324.5,0.5,38940,60,37,5,n3931,324.0,254.64185
324.5,0.5,324.5,0.5,38940,60,41,5,n3932,324.0,254.64185
324.5,0.5,324.5,0.5,38940,60,43,5,n3933,324.0,254.64185
324.66666,0.16666667,324.66666,0.16666667,38960,20,48,1,n3918,324.0,254.64185
324.66666,0.16666667,324.66666,0.16666667,38960,20,60,1,n3919,324.0,254.64185
324.83334,0.16666667,324.83334,0.16666667,38980,20,46,1,n3920,324.0,254.64185
324.83334,0.16666667,324.83334,0.16666667,38980,20,58,1,n3921,324.0,254.64185
325.0,0.5,325.0,0.5,39000,60,36,5,n3954,325.0,255.2014
325.0,0.5,325.0,0.5,39000,60,41,5,n3955,325.0,255.2014
325.16666,0.16666667,325.16666,0.16666667,39020,20,46,1,n3935,325.0,255.2014
325.16666,0.16666667,325.16666,0.16666667,39020,20,58,1,n3936,325.0,255.2014
325.33334,0.16666667,325.33334,0.16666667,39040,20,44,1,n3937,325.0,255.2014
325.33334,0.16666667,325.33334,0.16666667,39040,20,56,1,n3938,325.0,255.2014
325.5,0.5,325.5,0.5,39060,60,36,5,n3956,325.0,255.2014
325.5,0.5,325.5,0.5,39060,60,41,5,n3957,325.0,255.2014
325.5,0.5,325.5,0.5,39060,60,44,5,n3958,325.0,255.2014
325.66666,0.16666667,325.66666,0.16666667,39080,20,49,1,n3940,325.0,255.2014
325.66666,0.16666667,325.66666,0.16666667,39080,20,61,1,n3941,325.0,255.2014
325.83334,0.16666667,325.83334,0.16666667,39100,20,48,1,n3942,325.0,255.2014
325.83334,0.16666667,325.83334,0.16666667,39100,20,60,1,n3943,325.0,255.2014
326.0,0.5,326.0,0.5,39120,60,36,5,n3959,326.0,255.74895
326.0,0.5,326.0,0.5,39120,60,40,5,n3960,326.0,255.74895
326.16666,0.16666667,326.16666,0.16666667,39140,20,44,1,n3945,326.0,255.74895
326.16666,0.16666667,326.16666,0.16666667,39140,20,56,1,n3946,326.0,255.74895
326.33334,0.16666667,326.33334,0.16666667,39160,20,43,1,n3947,326.0,255.74895
326.33334,0.16666667,326.33334,0.16666667,39160,20,55,1,n3948,326.0,255.74895
326.5,0.5,326.5,0.5,39180,60,36,5,n3961,326.0,255.74895
326.5,0.5,326.5,0.5,39180,60,40,5,n3962,326.0,255.74895
326.5,0.5,326.5,0.5,39180,60,46,5,n3963,326.0,255.74895
326.66666,0.16666667,326.66666,0.16666667,39200,20,49,1,n3950,326.0,255.74895
326.66666,0.16666667,326.66666,0.16666667,39200,20,61,1,n3951,326.0,255.74895
326.83334,0.16666667,326.83334,0.16666667,39220,20,48,1,n3952,326.0,255.74895
326.83334,0.16666667,326.83334,0.16666667,39220,20,60,1,n3953,326.0,255.74895
327.0,0.5,327.0,0.5,39240,60,40,5,n3984,327.0,256.31784
327.0,0.5,327.0,0.5,39240,60,43,5,n3985,327.0,256.31784
327.0,0.5,327.0,0.5,39240,60,52,5,n3986,327.0,256.31784
327.16666,0.16666667,327.16666,0.16666667,39260,20,61,1,n3965,327.0,256.31784
327.16666,0.16666667,327.16666,0.16666667,39260,20,73,1,n3966,327.0,256.31784
327.33334,0.16666667,327.33334,0.16666667,39280,20,60,1,n3967,327.0,256.31784
327.33334,0.16666667,327.33334,0.16666667,39280,20,72,1,n3968,327.0,256.31784
327.5,0.5,327.5,0.5,39300,60,41,5,n3987,327.0,256.31784
327.5,0.5,327.5,0.5,39300,60,44,5,n3988,327.0,256.31784
327.5,0.5,327.5,0.5,39300,60,53,5,n3989,327.0,256.31784
327.66666,0.16666667,327.66666,0.16666667,39320,20,59,1,n3970,327.0,256.31784
327.66666,0.16666667,327.66666,0.16666667,39320,20,71,1,n3971,327.0,256.31784
327.83334,0.16666667,327.83334,0.16666667,39340,20,60,1,n3972,327.0,256.31784
327.83334,0.16666667,327.83334,0.16666667,39340,20,72,1,n3973,327.0,256.31784
328.0,0.5,328.0,0.5,39360,60,43,5,n3990,328.0,256.8881
328.0,0.5,328.0,0.5,39360,60,46,5,n3991,328.0,256.8881
328.0,0.5,328.0,0.5,39360,60,55,5,n3992,328.0,256.8881
328.16666,0.16666667,328.16666,0.16666667,39380,20,61,1,n3975,328.0,256.8881
328.16666,0.16666667,328.16666,0.16666667,39380,20,73,1,n3976,328.0,256.8881
328.33334,0.16666667,328.33334,0.16666667,39400,20,60,1,n3977,328.0,256.8881
328.33334,0.16666667,328.33334,0.16666667,39400,20,72,1,n3978,328.0,256.8881
328.5,0.5,328.5,0.5,39420,60,40,5,n3993,328.0,256.8881
328.5,0.5,328.5,0.5,39420,60,43,5,n3994,328.0,256.8881
328.5,0.5,328.5,0.5,39420,60,52,5,n3995,328.0,256.8881
328.66666,0.16666667,328.66666,0.16666667,39440,20,59,1,n3980,328.0,256.8881
328.66666,0.16666667,328.66666,0.16666667,39440,20,71,1,n3981,328.0,256.8881
328.83334,0.16666667,328.83334,0.16666667,39460,20,60,1,n3982,328.0,256.8881
328.83334,0.16666667,328.83334,0.16666667,39460,20,72,1,n3983,328.0,256.8881
329.0,0.5,329.0,0.5,39480,60,41,5,n4016,329.0,257.45032
329.0,0.5,329.0,0.5,39480,60,44,5,n4017,329.0,257.45032
329.0,0.5,329.0,0.5,39480,60,53,5,n4018,329.0,257.45032
329.16666,0.16666667,329.16666,0.16666667,39500,20,61,1,n3997,329.0,257.45032
329.16666,0.16666667,329.16666,0.16666667,39500,20,73,1,n3998,329.0,257.45032
329.33334,0.16666667,329.33334,0.16666667,39520,20,60,1,n3999,329.0,257.45032
329.33334,0.16666667,329.33334,0.16666667,39520,20,72,1,n4000,329.0,257.45032
329.5,0.5,329.5,0.5,39540,60,48,5,n4019,329.0,257.45032
329.5,0.5,329.5,0.5,39540,60,53,5,n4020,329.0,257.45032
329.5,0.5,329.5,0.5,39540,60,56,5,n4021,329.0,257.45032
329.66666,0.16666667,329.66666,0.16666667,39560,20,70,1,n4002,329.0,257.45032
329.66666,0.16666667,329.66666,0.16666667,39560,20,82,1,n4003,329.0,257.45032
329.83334,0.16666667,329.83334,0.16666667,39580,20,68,1,n4004,329.0,257.45032
329.83334,0.16666667,329.83334,0.16666667,39580,20,80,1,n4005,329.0,257.45032
330.0,0.5,330.0,0.5,39600,60,49,5,n4022,330.0,257.98718
330.0,0.5,330.0,0.5,39600,60,53,5,n4023,330.0,257.98718
330.0,0.5,330.0,0.5,39600,60,58,5,n4024,330.0,257.98718
330.16666,0.16666667,330.16666,0.16666667,39620,20,67,1,n4007,330.0,257.98718
330.16666,0.16666667,330.16666,0.16666667,39620,20,79,1,n4008,330.0,257.98718
330.33334,0.16666667,330.33334,0.16666667,39640,20,65,1,n4009,330.0,257.98718
330.33334,0.16666667,330.33334,0.16666667,39640,20,77,1,n4010,330.0,257.98718
330.5,0.5,330.5,0.5,39660,60,46,5,n4025,330.0,257.98718
330.5,0.5,330.5,0.5,39660,60,53,5,n4026,330.0,257.98718
330.5,0.5,330.5,0.5,39660,60,55,5,n4027,330.0,257.98718
330.66666,0.16666667,330.66666,0.16666667,39680,20,63,1,n4012,330.0,257.98718
330.66666,0.16666667,330.66666,0.16666667,39680,20,75,1,n4013,330.0,257.98718
330.83334,0.16666667,330.83334,0.16666667,39700,20,61,1,n4014,330.0,257.98718
330.83334,0.16666667,330.83334,0.16666667,39700,20,73,1,n4015,330.0,257.98718
331.0,0.5,331.0,0.5,39720,60,48,5,n4048,331.0,258.54276
331.0,0.5,331.0,0.5,39720,60,53,5,n4049,331.0,258.54276
331.0,0.5,331.0,0.5,39720,60,56,5,n4050,331.0,258.54276
331.16666,0.16666667,331.16666,0.16666667,39740,20,61,1,n4029,331.0,258.54276
331.16666,0.16666667,331.16666,0.16666667,39740,20,73,1,n4030,331.0,258.54276
331.33334,0.16666667,331.33334,0.16666667,39760,20,60,1,n4031,331.0,258.54276
331.33334,0.16666667,331.33334,0.16666667,39760,20,72,1,n4032,331.0,258.54276
331.5,0.5,331.5,0.5,39780,60,36,5,n4051,331.0,258.54276
331.5,0.5,331.5,0.5,39780,60,41,5,n4052,331.0,258.54276
331.5,0.5,331.5,0.5,39780,60,44,5,n4053,331.0,258.54276
331.5,0.5,331.5,0.5,39780,60,48,5,n4054,331.0,258.54276
331.66666,0.16666667,331.66666,0.16666667,39800,20,59,1,n4034,331.0,258.54276
331.66666,0.16666667,331.66666,0.16666667,39800,20,71,1,n4035,331.0,258.54276
331.83334,0.16666667,331.83334,0.16666667,39820,20,60,1,n4036,331.0,258.54276
331.83334,0.16666667,331.83334,0.16666667,39820,20,72,1,n4037,331.0,258.54276
332.0,0.5,332.0,0.5,39840,60,48,5,n4055,332.0,259.10764
332.0,0.5,332.0,0.5,39840,60,52,5,n4056,332.0,259.10764
332.0,0.5,332.0,0.5,39840,60,58,5,n4057,332.0,259.10764
332.16666,0.16666667,332.16666,0.16666667,39860,20,61,1,n4039,332.0,259.10764
332.16666,0.16666667,332.16666,0.16666667,39860,20,73,1,n4040,332.0,259.10764
332.33334,0.16666667,332.33334,0.16666667,39880,20,60,1,n4041,332.0,259.10764
332.33334,0.16666667,332.33334,0.16666667,39880,20,72,1,n4042,332.0,259.10764
332.5,0.5,332.5,0.5,39900,60,36,5,n4058,332.0,259.10764
332.5,0.5,332.5,0.5,39900,60,40,5,n4059,332.0,259.10764
332.5,0.5,332.5,0.5,39900,60,46,5,n4060,332.0,259.10764
332.5,0.5,332.5,0.5,39900,60,48,5,n4061,332.0,259.10764
332.66666,0.16666667,332.66666,0.16666667,39920,20,73,1,n4044,332.0,259.10764
332.66666,0.16666667,332.66666,0.16666667,39920,20,85,1,n4045,332.0,259.10764
332.83334,0.16666667,332.83334,0.16666667,39940,20,72,1,n4046,332.0,259.10764
332.83334,0.16666667,332.83334,0.16666667,39940,20,84,1,n4047,332.0,259.10764
333.0,0.5,333.0,0.5,39960,60,41,5,n4082,333.0,259.60712
333.0,0.5,333.0,0.5,39960,60,48,5,n4083,333.0,259.60712
333.0,0.5,333.0,0.5,39960,60,53,5,n4084,333.0,259.60712
333.16666,0.16666667,333.16666,0.16666667,39980,20,85,1,n4063,333.0,259.60712
333.16666,0.16666667,333.16666,0.16666667,39980,20,97,1,n4064,333.0,259.60712
333.33334,0.16666667,333.33334,0.16666667,40000,20,84,1,n4065,333.0,259.60712
333.33334,0.16666667,333.33334,0.16666667,40000,20,96,1,n4066,333.0,259.60712
333.5,0.5,333.5,0.5,40020,60,44,5,n4085,333.0,259.60712
333.5,0.5,333.5,0.5,40020,60,53,5,n4086,333.0,259.60712
333.5,0.5,333.5,0.5,40020,60,56,5,n4087,333.0,259.60712
333.66666,0.16666667,333.66666,0.16666667,40040,20,82,1,n4068,333.0,259.60712
333.66666,0.16666667,333.66666,0.16666667,40040,20,94,1,n4069,333.0,259.60712
333.83334,0.16666667,333.83334,0.16666667,40060,20,80,1,n4070,333.0,259.60712
333.83334,0.16666667,333.83334,0.16666667,40060,20,92,1,n4071,333.0,259.60712
334.0,0.5,334.0,0.5,40080,60,46,5,n4088,334.0,260.19604
334.0,0.5,334.0,0.5,40080,60,53,5,n4089,334.0,260.19604
334.0,0.5,334.0,0.5,40080,60,58,5,n4090,334.0,260.19604
334.16666,0.16666667,334.16666,0.16666667,40100,20,79,1,n4073,334.0,260.19604
334.16666,0.16666667,334.16666,0.16666667,40100,20,91,1,n4074,334.0,260.19604
334.33334,0.16666667,334.33334,0.16666667,40120,20,77,1,n4075,334.0,260.19604
334.33334,0.16666667,334.33334,0.16666667,40120,20,89,1,n4076,334.0,260.19604
334.5,0.5,334.5,0.5,40140,60,53,5,n4091,334.0,260.19604
334.5,0.5,334.5,0.5,40140,60,58,5,n4092,334.0,260.19604
334.5,0.5,334.5,0.5,40140,60,65,5,n4093,334.0,260.19604
334.66666,0.16666667,334.66666,0.16666667,40160,20,75,1,n4078,334.0,260.19604
334.66666,0.16666667,334.66666,0.16666667,40160,20,87,1,n4079,334.0,260.19604
334.83334,0.16666667,334.83334,0.16666667,40180,20,73,1,n4080,334.0,260.19604
334.83334,0.16666667,334.83334,0.16666667,40180,20,85,1,n4081,334.0,260.19604
335.0,0.5,335.0,0.5,40200,60,41,5,n4114,335.0,260.8244
335.0,0.5,335.0,0.5,40200,60,48,5,n4115,335.0,260.8244
335.0,0.5,335.0,0.5,40200,60,53,5,n4116,335.0,260.8244
335.16666,0.16666667,335.16666,0.16666667,40220,20,73,1,n4095,335.0,260.8244
335.16666,0.16666667,335.16666,0.16666667,40220,20,85,1,n4096,335.0,260.8244
335.33334,0.16666667,335.33334,0.16666667,40240,20,72,1,n4097,335.0,260.8244
335.33334,0.16666667,335.33334,0.16666667,40240,20,84,1,n4098,335.0,260.8244
335.5,0.5,335.5,0.5,40260,60,44,5,n4117,335.0,260.8244
335.5,0.5,335.5,0.5,40260,60,53,5,n4118,335.0,260.8244
335.5,0.5,335.5,0.5,40260,60,56,5,n4119,335.0,260.8244
335.66666,0.16666667,335.66666,0.16666667,40280,20,71,1,n4100,335.0,260.8244
335.66666,0.16666667,335.66666,0.16666667,40280,20,83,1,n4101,335.0,260.8244
335.83334,0.16666667,335.83334,0.16666667,40300,20,72,1,n4102,335.0,260.8244
335.83334,0.16666667,335.83334,0.16666667,40300,20,84,1,n4103,335.0,260.8244
336.0,0.5,336.0,0.5,40320,60,46,5,n4120,336.0,261.36725
336.0,0.5,336.0,0.5,40320,60,53,5,n4121,336.0,261.36725
336.0,0.5,336.0,0.5,40320,60,58,5,n4122,336.0,261.36725
336.16666,0.16666667,336.16666,0.16666667,40340,20,61,1,n4105,336.0,261.36725
336.16666,0.16666667,336.16666,0.16666667,40340,20,73,1,n4106,336.0,261.36725
336.33334,0.16666667,336.33334,0.16666667,40360,20,60,1,n4107,336.0,261.36725
336.33334,0.16666667,336.33334,0.16666667,40360,20,72,1,n4108,336.0,261.36725
336.5,0.5,336.5,0.5,40380,60,53,5,n4123,336.0,261.36725
336.5,0.5,336.5,0.5,40380,60,58,5,n4124,336.0,261.36725
336.5,0.5,336.5,0.5,40380,60,65,5,n4125,336.0,261.36725
336.66666,0.16666667,336.66666,0.16666667,40400,20,59,1,n4110,336.0,261.36725
336.66666,0.16666667,336.66666,0.16666667,40400,20,71,1,n4111,336.0,261.36725
336.83334,0.16666667,336.83334,0.16666667,40420,20,60,1,n4112,336.0,261.36725
336.83334,0.16666667,336.83334,0.16666667,40420,20,72,1,n4113,336.0,261.36725
337.0,0.5,337.0,0.5,40440,60,41,5,n4146,337.0,261.9562
337.0,0.5,337.0,0.5,40440,60,48,5,n4147,337.0,261.9562
337.0,0.5,337.0,0.5,40440,60,53,5,n4148,337.0,261.9562
337.16666,0.16666667,337.16666,0.16666667,40460,20,89,1,n4127,337.0,261.9562
337.16666,0.16666667,337.16666,0.16666667,40460,20,101,1,n4128,337.0,261.9562
337.33334,0.16666667,337.33334,0.16666667,40480,20,85,1,n4129,337.0,261.9562
337.33334,0.16666667,337.33334,0.16666667,40480,20,97,1,n4130,337.0,261.9562
337.5,0.5,337.5,0.5,40500,60,44,5,n4149,337.0,261.9562
337.5,0.5,337.5,0.5,40500,60,53,5,n4150,337.0,261.9562
337.5,0.5,337.5,0.5,40500,60,60,5,n4151,337.0,261.9562
337.66666,0.16666667,337.66666,0.16666667,40520,20,84,1,n4132,337.0,261.9562
337.66666,0.16666667,337.66666,0.16666667,40520,20,96,1,n4133,337.0,261.9562
337.83334,0.16666667,337.83334,0.16666667,40540,20,80,1,n4134,337.0,261.9562
337.83334,0.16666667,337.83334,0.16666667,40540,20,92,1,n4135,337.0,261.9562
338.0,0.5,338.0,0.5,40560,60,46,5,n4152,338.0,262.68536
338.0,0.5,338.0,0.5,40560,60,53,5,n4153,338.0,262.68536
338.0,0.5,338.0,0.5,40560,60,61,5,n4154,338.0,262.68536
338.16666,0.16666667,338.16666,0.16666667,40580,20,78,1,n4137,338.0,262.68536
338.16666,0.16666667,338.16666,0.16666667,40580,20,90,1,n4138,338.0,262.68536
338.33334,0.16666667,338.33334,0.16666667,40600,20,77,1,n4139,338.0,262.68536
338.33334,0.16666667,338.33334,0.16666667,40600,20,89,1,n4140,338.0,262.68536
338.5,0.5,338.5,0.5,40620,60,53,5,n4155,338.0,262.68536
338.5,0.5,338.5,0.5,40620,60,58,5,n4156,338.0,262.68536
338.5,0.5,338.5,0.5,40620,60,65,5,n4157,338.0,262.68536
338.66666,0.16666667,338.66666,0.16666667,40640,20,73,1,n4142,338.0,262.68536
338.66666,0.16666667,338.66666,0.16666667,40640,20,85,1,n4143,338.0,262.68536
338.83334,0.16666667,338.83334,0.16666667,40660,20,70,1,n4144,338.0,262.68536
338.83334,0.16666667,338.83334,0.16666667,40660,20,82,1,n4145,338.0,262.68536
339.0,0.5,339.0,0.5,40680,60,48,5,n4178,339.0,263.29703
339.0,0.5,339.0,0.5,40680,60,53,5,n4179,339.0,263.29703
339.0,0.5,339.0,0.5,40680,60,56,5,n4180,339.0,263.29703
339.0,0.5,339.0,0.5,40680,60,60,5,n4181,339.0,263.29703
339.16666,0.16666667,339.16666,0.16666667,40700,20,73,1,n4159,339.0,263.29703
339.16666,0.16666667,339.16666,0.16666667,40700,20,85,1,n4160,339.0,263.29703
339.33334,0.16666667,339.33334,0.16666667,40720,20,72,1,n4161,339.0,263.29703
339.33334,0.16666667,339.33334,0.16666667,40720,20,84,1,n4162,339.0,263.29703
339.5,0.5,339.5,0.5,40740,60,36,5,n4182,339.0,263.29703
339.5,0.5,339.5,0.5,40740,60,41,5,n4183,339.0,263.29703
339.5,0.5,339.5,0.5,40740,60,44,5,n4184,339.0,263.29703
339.5,0.5,339.5,0.5,40740,60,48,5,n4185,339.0,263.29703
339.66666,0.16666667,339.66666,0.16666667,40760,20,68,1,n4164,339.0,263.29703
339.66666,0.16666667,339.66666,0.16666667,40760,20,80,1,n4165,339.0,263.29703
339.83334,0.16666667,339.83334,0.16666667,40780,20,65,1,n4166,339.0,263.29703
339.83334,0.16666667,339.83334,0.16666667,40780,20,77,1,n4167,339.0,263.29703
340.0,0.5,340.0,0.5,40800,60,48,5,n4186,340.0,263.90732
340.0,0.5,340.0,0.5,40800,60,58,5,n4187,340.0,263.90732
340.0,0.5,340.0,0.5,40800,60,64,5,n4188,340.0,263.90732
340.16666,0.16666667,340.16666,0.16666667,40820,20,61,1,n4169,340.0,263.90732
340.16666,0.16666667,340.16666,0.16666667,40820,20,73,1,n4170,340.0,263.90732
340.33334,0.16666667,340.33334,0.16666667,40840,20,60,1,n4171,340.0,263.90732
340.33334,0.16666667,340.33334,0.16666667,40840,20,72,1,n4172,340.0,263.90732
340.5,0.5,340.5,0.5,40860,60,36,5,n4189,340.0,263.90732
340.5,0.5,340.5,0.5,40860,60,40,5,n4190,340.0,263.90732
340.5,0.5,340.5,0.5,40860,60,46,5,n4191,340.0,263.90732
340.5,0.5,340.5,0.5,40860,60,48,5,n4192,340.0,263.90732
340.66666,0.16666667,340.66666,0.16666667,40880,20,68,1,n4174,340.0,263.90732
340.66666,0.16666667,340.66666,0.16666667,40880,20,80,1,n4175,340.0,263.90732
340.83334,0.16666667,340.83334,0.16666667,40900,20,67,1,n4176,340.0,263.90732
340.83334,0.16666667,340.83334,0.16666667,40900,20,79,1,n4177,340.0,263.90732
341.0,0.5,341.0,0.5,40920,60,65,1,n4193,341.0,264.70926
341.0,0.5,341.0,0.5,40920,60,77,1,n4194,341.0,264.70926
341.0,1.0,341.0,1.0,40920,120,41,5,n4201,341.0,264.70926
341.0,1.0,341.0,1.0,40920,120,44,5,n4202,341.0,264.70926
341.0,1.0,341.0,1.0,40920,120,48,5,n4203,341.0,264.70926
341.0,1.0,341.0,1.0,40920,120,53,5,n4204,341.0,264.70926
341.5,0.5,341.5,0.5,40980,60,77,1,n4195,341.0,264.70926
341.5,0.5,341.5,0.5,40980,60,89,1,n4196,341.0,264.70926
342.0,0.5,342.0,0.5,41040,60,89,1,n4197,342.0,265.2862
342.0,0.5,342.0,0.5,41040,60,101,1,n4198,342.0,265.2862
342.0,0.5,342.0,0.5,41040,60,53,5,n4205,342.0,265.2862
342.0,0.5,342.0,0.5,41040,60,65,5,n4206,342.0,265.2862
342.75,0.25,342.75,0.25,41130,30,53,1,n4199,342.0,265.2862
342.75,0.25,342.75,0.25,41130,30,65,1,n4200,342.0,265.2862
342.75,0.25,342.75,0.25,41130,30,41,5,n4208,342.0,265.2862
343.0,0.33333334,343.0,0.33333334,41160,40,53,1,n4209,343.0,265.87247
343.0,0.33333334,343.0,0.33333334,41160,40,59,1,n4210,343.0,265.87247
343.0,0.33333334,343.0,0.33333334,41160,40,62,1,n4211,343.0,265.87247
343.0,0.33333334,343.0,0.33333334,41160,40,65,1,n4212,343.0,265.87247
343.0,0.33333334,343.0,0.33333334,41160,40,35,5,n4225,343.0,265.87247
343.0,0.33333334,343.0,0.33333334,41160,40,47,5,n4226,343.0,265.87247
343.33334,0.33333334,343.33334,0.33333334,41200,40,53,1,n4213,343.0,265.87247
343.33334,0.33333334,343.33334,0.33333334,41200,40,59,1,n4214,343.0,265.87247
343.33334,0.33333334,343.33334,0.33333334,41200,40,62,1,n4215,343.0,265.87247
343.33334,0.33333334,343.33334,0.33333334,41200,40,65,1,n4216,343.0,265.87247
343.33334,0.33333334,343.33334,0.33333334,41200,40,36,5,n4227,343.0,265.87247
343.33334,0.33333334,343.33334,0.33333334,41200,40,48,5,n4228,343.0,265.87247
343.66666,0.33333334,343.66666,0.33333334,41240,40,53,1,n4217,343.0,265.87247
343.66666,0.33333334,343.66666,0.33333334,41240,40,59,1,n4218,343.0,265.87247
343.66666,0.33333334,343.66666,0.33333334,41240,40,62,1,n4219,343.0,265.87247
343.66666,0.33333334,343.66666,0.33333334,41240,40,65,1,n4220,343.0,265.87247
343.66666,0.33333334,343.66666,0.33333334,41240,40,37,5,n4229,343.0,265.87247
343.66666,0.33333334,343.66666,0.33333334,41240,40,49,5,n4230,343.0,265.87247
344.0,0.5,344.0,0.5,41280,60,53,1,n4221,344.0,266.43268
344.0,0.5,344.0,0.5,41280,60,59,1,n4222,344.0,266.43268
344.0,0.5,344.0,0.5,41280,60,62,1,n4223,344.0,266.43268
344.0,0.5,344.0,0.5,41280,60,65,1,n4224,344.0,266.43268
344.0,0.33333334,344.0,0.33333334,41280,40,38,5,n4231,344.0,266.43268
344.0,0.33333334,344.0,0.33333334,41280,40,50,5,n4232,344.0,266.43268
344.33334,0.33333334,344.33334,0.33333334,41320,40,39,5,n4233,344.0,266.43268
344.33334,0.33333334,344.33334,0.33333334,41320,40,51,5,n4234,344.0,266.43268
344.66666,0.33333334,344.66666,0.33333334,41360,40,40,5,n4235,344.0,266.43268
344.66666,0.33333334,344.66666,0.33333334,41360,40,52,5,n4236,344.0,266.43268
345.0,0.5,345.0,0.5,41400,60,65,1,n4237,345.0,266.80194
345.0,0.5,345.0,0.5,41400,60,77,1,n4238,345.0,266.80194
345.0,1.0,345.0,1.0,41400,120,41,5,n4245,345.0,266.80194
345.0,1.0,345.0,1.0,41400,120,53,5,n4246,345.0,266.80194
345.5,0.5,345.5,0.5,41460,60,77,1,n4239,345.0,266.80194
345.5,0.5,345.5,0.5,41460,60,89,1,n4240,345.0,266.80194
346.0,0.5,346.0,0.5,41520,60,89,1,n4241,346.0,267.3655
346.0,0.5,346.0,0.5,41520,60,101,1,n4242,346.0,267.3655
346.0,0.5,346.0,0.5,41520,60,53,5,n4247,346.0,267.3655
346.0,0.5,346.0,0.5,41520,60,65,5,n4248,346.0,267.3655
346.75,0.25,346.75,0.25,41610,30,53,1,n4243,346.0,267.3655
346.75,0.25,346.75,0.25,41610,30,65,1,n4244,346.0,267.3655
346.75,0.25,346.75,0.25,41610,30,41,5,n4250,346.0,267.3655
347.0,0.33333334,347.0,0.33333334,41640,40,53,1,n4251,347.0,267.90103
347.0,0.33333334,347.0,0.33333334,41640,40,58,1,n4252,347.0,267.90103
347.0,0.33333334,347.0,0.33333334,41640,40,61,1,n4253,347.0,267.90103
347.0,0.33333334,347.0,0.33333334,41640,40,65,1,n4254,347.0,267.90103
347.0,0.33333334,347.0,0.33333334,41640,40,34,5,n4267,347.0,267.90103
347.0,0.33333334,347.0,0.33333334,41640,40,46,5,n4268,347.0,267.90103
347.33334,0.33333334,347.33334,0.33333334,41680,40,53,1,n4255,347.0,267.90103
347.33334,0.33333334,347.33334,0.33333334,41680,40,58,1,n4256,347.0,267.90103
347.33334,0.33333334,347.33334,0.33333334,41680,40,61,1,n4257,347.0,267.90103
347.33334,0.33333334,347.33334,0.33333334,41680,40,65,1,n4258,347.0,267.90103
347.33334,0.33333334,347.33334,0.33333334,41680,40,35,5,n4269,347.0,267.90103
347.33334,0.33333334,347.33334,0.33333334,41680,40,47,5,n4270,347.0,267.90103
347.66666,0.33333334,347.66666,0.33333334,41720,40,53,1,n4259,347.0,267.90103
347.66666,0.33333334,347.66666,0.33333334,41720,40,58,1,n4260,347.0,267.90103
347.66666,0.33333334,347.66666,0.33333334,41720,40,61,1,n4261,347.0,267.90103
347.66666,0.33333334,347.66666,0.33333334,41720,40,65,1,n4262,347.0,267.90103
347.66666,0.33333334,347.66666,0.33333334,41720,40,36,5,n4271,347.0,267.90103
347.66666,0.33333334,347.66666,0.33333334,41720,40,48,5,n4272,347.0,267.90103
348.0,0.5,348.0,0.5,41760,60,53,1,n4263,348.0,268.46594
348.0,0.5,348.0,0.5,41760,60,58,1,n4264,348.0,268.46594
348.0,0.5,348.0,0.5,41760,60,61,1,n4265,348.0,268.46594
348.0,0.5,348.0,0.5,41760,60,65,1,n4266,348.0,268.46594
348.0,0.25,348.0,0.25,41760,30,37,5,n4273,348.0,268.46594
348.0,0.25,348.0,0.25,41760,30,49,5,n4274,348.0,268.46594
348.25,0.25,348.25,0.25,41790,30,38,5,n4275,348.0,268.46594
348.25,0.25,348.25,0.25,41790,30,50,5,n4276,348.0,268.46594
348.5,0.25,348.5,0.25,41820,30,39,5,n4277,348.0,268.46594
348.5,0.25,348.5,0.25,41820,30,51,5,n4278,348.0,268.46594
348.75,0.25,348.75,0.25,41850,30,40,5,n4279,348.0,268.46594
348.75,0.25,348.75,0.25,41850,30,52,5,n4280,348.0,268.46594
349.0,0.5,349.0,0.5,41880,60,65,1,n4281,349.0,268.95206
349.0,0.5,349.0,0.5,41880,60,77,1,n4282,349.0,268.95206
349.0,1.0,349.0,1.0,41880,120,41,5,n4289,349.0,268.95206
349.0,1.0,349.0,1.0,41880,120,53,5,n4290,349.0,268.95206
349.5,0.5,349.5,0.5,41940,60,77,1,n4283,349.0,268.95206
349.5,0.5,349.5,0.5,41940,60,89,1,n4284,349.0,268.95206
350.0,0.5,350.0,0.5,42000,60,89,1,n4285,350.0,269.5724
350.0,0.5,350.0,0.5,42000,60,101,1,n4286,350.0,269.5724
350.0,0.5,350.0,0.5,42000,60,53,5,n4291,350.0,269.5724
350.0,0.5,350.0,0.5,42000,60,65,5,n4292,350.0,269.5724
350.75,0.25,350.75,0.25,42090,30,65,1,n4288,350.0,269.5724
350.75,0.25,350.75,0.25,42090,30,41,5,n4293,350.0,269.5724
350.75,0.25,350.75,0.25,42090,30,53,6,n4294,350.0,269.5724
351.0,0.5,351.0,0.5,42120,60,60,1,n4295,351.0,270.1346
351.0,0.5,351.0,0.5,42120,60,65,1,n4296,351.0,270.1346
351.0,1.0,351.0,1.0,42120,120,33,5,n4304,351.0,270.1346
351.0,1.0,351.0,1.0,42120,120,45,5,n4305,351.0,270.1346
351.0,0.5,351.0,0.5,42120,60,53,6,n4310,351.0,270.1346
351.5,0.5,351.5,0.5,42180,60,65,1,n4297,351.0,270.1346
351.5,0.5,351.5,0.5,42180,60,77,1,n4298,351.0,270.1346
351.5,0.5,351.5,0.5,42180,60,65,6,n4311,351.0,270.1346
352.0,0.5,352.0,0.5,42240,60,77,1,n4299,352.0,270.7536
352.0,0.5,352.0,0.5,42240,60,89,1,n4300,352.0,270.7536
352.0,0.5,352.0,0.5,42240,60,53,5,n4306,352.0,270.7536
352.0,0.5,352.0,0.5,42240,60,65,5,n4307,352.0,270.7536
352.75,0.25,352.75,0.25,42330,30,60,1,n4302,352.0,270.7536
352.75,0.25,352.75,0.25,42330,30,65,1,n4303,352.0,270.7536
352.75,0.25,352.75,0.25,42330,30,33,5,n4308,352.0,270.7536
352.75,0.25,352.75,0.25,42330,30,45,5,n4309,352.0,270.7536
352.75,0.25,352.75,0.25,42330,30,53,6,n4312,352.0,270.7536
353.0,0.5,353.0,0.5,42360,60,59,1,n4313,353.0,271.37793
353.0,0.5,353.0,0.5,42360,60,65,1,n4314,353.0,271.37793
353.0,1.0,353.0,1.0,42360,120,32,5,n4322,353.0,271.37793
353.0,1.0,353.0,1.0,42360,120,44,5,n4323,353.0,271.37793
353.0,0.5,353.0,0.5,42360,60,53,6,n4328,353.0,271.37793
353.5,0.5,353.5,0.5,42420,60,65,1,n4315,353.0,271.37793
353.5,0.5,353.5,0.5,42420,60,77,1,n4316,353.0,271.37793
353.5,0.5,353.5,0.5,42420,60,65,6,n4329,353.0,271.37793
354.0,0.5,354.0,0.5,42480,60,77,1,n4317,354.0,272.02097
354.0,0.5,354.0,0.5,42480,60,89,1,n4318,354.0,272.02097
354.0,0.5,354.0,0.5,42480,60,53,5,n4324,354.0,272.02097
354.0,0.5,354.0,0.5,42480,60,65,5,n4325,354.0,272.02097
354.75,0.25,354.75,0.25,42570,30,59,1,n4320,354.0,272.02097
354.75,0.25,354.75,0.25,42570,30,65,1,n4321,354.0,272.02097
354.75,0.25,354.75,0.25,42570,30,32,5,n4326,354.0,272.02097
354.75,0.25,354.75,0.25,42570,30,44,5,n4327,354.0,272.02097
354.75,0.25,354.75,0.25,42570,30,53,6,n4330,354.0,272.02097
355.0,1.0,355.0,1.0,42600,120,58,1,n4331,355.0,272.7134
355.0,1.0,355.0,1.0,42600,120,65,1,n4332,355.0,272.7134
355.0,1.0,355.0,1.0,42600,120,31,5,n4336,355.0,272.7134
355.0,1.0,355.0,1.0,42600,120,43,5,n4337,355.0,272.7134
355.0,1.0,355.0,1.0,42600,120,53,6,n4340,355.0,272.7134
356.0,1.0,356.0,1.0,42720,120,65,1,n4333,356.0,273.15012
356.0,1.0,356.0,1.0,42720,120,70,1,n4334,356.0,273.15012
356.0,1.0,356.0,1.0,42720,120,77,1,n4335,356.0,273.15012
356.0,1.0,356.0,1.0,42720,120,32,5,n4338,356.0,273.15012
356.0,1.0,356.0,1.0,42720,120,44,5,n4339,356.0,273.15012
357.0,1.0,357.0,1.0,42840,120,77,1,n4341,357.0,273.61484
357.0,1.0,357.0,1.0,42840,120,80,1,n4342,357.0,273.61484
357.0,1.0,357.0,1.0,42840,120,89,1,n4343,357.0,273.61484
357.0,1.0,357.0,1.0,42840,120,29,5,n4348,357.0,273.61484
357.0,1.0,357.0,1.0,42840,120,41,5,n4349,357.0,273.61484
358.0,1.0,358.0,1.0,42960,120,79,1,n4344,358.0,273.9781
358.0,1.0,358.0,1.0,42960,120,84,1,n4345,358.0,273.9781
358.0,1.0,358.0,1.0,42960,120,88,1,n4346,358.0,273.9781
358.0,1.0,358.0,1.0,42960,120,91,1,n4347,358.0,273.9781
358.0,1.0,358.0,1.0,42960,120,36,5,n4350,358.0,273.9781
358.0,1.0,358.0,1.0,42960,120,40,5,n4351,358.0,273.9781
358.0,1.0,358.0,1.0,42960,120,43,5,n4352,358.0,273.9781
358.0,1.0,358.0,1.0,42960,120,48,5,n4353,358.0,273.9781
359.0,1.0,359.0,1.0,43080,120,80,1,n4354,359.0,274.3333
359.0,1.0,359.0,1.0,43080,120,84,1,n4355,359.0,274.3333
359.0,1.0,359.0,1.0,43080,120,89,1,n4356,359.0,274.3333
359.0,1.0,359.0,1.0,43080,120,92,1,n4357,359.0,274.3333
359.0,1.0,359.0,1.0,43080,120,41,5,n4362,359.0,274.3333
359.0,1.0,359.0,1.0,43080,120,44,5,n4363,359.0,274.3333
359.0,1.0,359.0,1.0,43080,120,48,5,n4364,359.0,274.3333
359.0,1.0,359.0,1.0,43080,120,53,5,n4365,359.0,274.3333
360.0,1.0,360.0,1.0,43200,120,85,1,n4358,360.0,274.758
360.0,1.0,360.0,1.0,43200,120,89,1,n4359,360.0,274.758
360.0,1.0,360.0,1.0,43200,120,94,1,n4360,360.0,274.758
360.0,1.0,360.0,1.0,43200,120,97,1,n4361,360.0,274.758
360.0,1.0,360.0,1.0,43200,120,37,5,n4366,360.0,274.758
360.0,1.0,360.0,1.0,43200,120,41,5,n4367,360.0,274.758
360.0,1.0,360.0,1.0,43200,120,46,5,n4368,360.0,274.758
360.0,1.0,360.0,1.0,43200,120,49,5,n4369,360.0,274.758
362.0,1.0,362.0,1.0,43440,120,84,1,n4371,362.0,275.71686
362.0,1.0,362.0,1.0,43440,120,88,1,n4372,362.0,275.71686
362.0,1.0,362.0,1.0,43440,120,91,1,n4373,362.0,275.71686
362.0,1.0,362.0,1.0,43440,120,96,1,n4374,362.0,275.71686
362.0,1.0,362.0,1.0,43440,120,36,5,n4376,362.0,275.71686
362.0,1.0,362.0,1.0,43440,120,40,5,n4377,362.0,275.71686
362.0,1.0,362.0,1.0,43440,120,43,5,n4378,362.0,275.71686
362.0,1.0,362.0,1.0,43440,120,48,5,n4379,362.0,275.71686
363.0,1.0,363.0,1.0,43560,120,89,1,n4380,363.0,276.22034
363.0,1.0,363.0,1.0,43560,120,92,1,n4381,363.0,276.22034
363.0,1.0,363.0,1.0,43560,120,96,1,n4382,363.0,276.22034
363.0,1.0,363.0,1.0,43560,120,101,1,n4383,363.0,276.22034
363.0,1.0,363.0,1.0,43560,120,29,5,n4385,363.0,276.22034
363.0,1.0,363.0,1.0,43560,120,32,5,n4386,363.0,276.22034
363.0,1.0,363.0,1.0,43560,120,36,5,n4387,363.0,276.22034
363.0,1.0,363.0,1.0,43560,120,41,5,n4388,363.0,276.22034
365.0,2.0,365.0,2.0,43800,240,65,1,n4390,365.0,277.1939
365.0,2.0,365.0,2.0,43800,240,72,1,n4391,365.0,277.1939
365.0,2.0,365.0,2.0,43800,240,77,1,n4392,365.0,277.1939
365.0,2.0,365.0,2.0,43800,240,56,5,n4393,365.0,277.1939
365.0,2.0,365.0,2.0,43800,240,60,5,n4394,365.0,277.1939
