onset_sec,duration_sec,pitch,velocity,track,channel,id,last_beat,last_beat_ref
1.015625,0.15364583,50,31,1,0,0,-10.0,-10.0
0.9973958,0.19791667,38,45,1,0,1,-10.0,-10.0
1.0,0.20442708,62,43,1,0,2,-10.0,-10.0
1.2083334,0.0546875,61,61,1,0,3,-10.0,-10.0
1.2265625,0.037760418,37,50,1,0,4,1.2174475,0.0
1.4023438,0.045572918,59,70,1,0,5,1.2174475,0.0
1.4231771,0.04296875,35,49,1,0,6,1.2174475,0.0
1.5924479,0.044270832,57,64,1,0,7,1.2174475,0.0
1.6028646,0.052083332,33,56,1,0,8,1.5976565,1.0
1.7955729,0.044270832,37,57,1,0,9,1.5976565,1.0
1.7877604,0.05859375,61,62,1,0,10,1.5976565,1.0
1.9739584,0.05078125,62,57,1,0,11,1.5976565,1.0
1.9856771,0.04296875,38,60,1,0,12,1.9798175,2.0
2.1679688,0.033854168,42,70,1,0,13,1.9798175,2.0
2.1640625,0.037760418,66,68,1,0,14,1.9798175,2.0
2.3528645,0.045572918,69,74,1,0,15,1.9798175,2.0
2.3645833,0.036458332,45,63,1,0,16,2.363932,3.0
2.3632812,0.0390625,33,63,1,0,17,1.9798175,2.0
2.3723958,0.036458332,57,50,1,0,18,2.363932,3.0
2.5559895,0.03125,49,60,1,0,19,2.363932,3.0
2.5585938,0.033854168,73,67,1,0,20,2.363932,3.0
2.5546875,0.041666668,37,60,1,0,21,2.363932,3.0
2.5742188,0.03515625,61,50,1,0,22,2.363932,3.0
2.7317708,0.040364582,74,71,1,0,23,2.363932,3.0
2.7434895,0.033854168,62,46,1,0,24,2.363932,3.0
2.7434895,0.0390625,50,62,1,0,25,2.363932,3.0
2.7434895,0.041666668,38,61,1,0,26,2.363932,3.0
2.9348958,0.032552082,64,70,1,0,27,2.74349,4.0
2.936198,0.032552082,52,66,1,0,28,2.74349,4.0
2.9309895,0.040364582,76,78,1,0,29,2.74349,4.0
2.9440105,0.0390625,40,54,1,0,30,2.74349,4.0
3.1184895,0.036458332,54,69,1,0,31,2.74349,4.0
3.1210938,0.041666668,42,67,1,0,32,2.74349,4.0
3.1289062,0.036458332,78,75,1,0,33,3.125,5.0
3.1380208,0.036458332,66,61,1,0,34,3.125,5.0
3.3476562,0.032552082,55,68,1,0,35,3.125,5.0
3.3463542,0.033854168,79,80,1,0,36,3.125,5.0
3.3502605,0.03515625,43,63,1,0,37,3.125,5.0
3.3528645,0.032552082,67,68,1,0,38,3.125,5.0
3.7408855,1.9544271,69,59,1,0,39,3.733724,6.0
3.7278645,1.9674479,45,41,1,0,40,3.125,5.0
3.720052,1.9752604,81,85,1,0,41,3.125,5.0
3.7395833,1.9557291,57,48,1,0,42,3.733724,6.0
5.3763022,0.3190104,66,43,1,0,43,4.666341,7.0
5.3632812,0.33203125,74,48,1,0,44,4.666341,7.0
5.3789062,0.31640625,69,37,1,0,45,4.666341,7.0
5.6028647,0.13151042,64,44,1,0,46,5.598958,8.0
5.5989585,0.14322917,67,42,1,0,47,5.598958,8.0
5.5950522,0.27734375,73,64,1,0,48,4.666341,7.0
5.7929688,0.14192708,62,33,1,0,49,5.598958,8.0
5.783854,0.16015625,71,64,1,0,50,5.598958,8.0
5.7916665,0.15755208,66,44,1,0,51,5.598958,8.0
5.9947915,0.07421875,61,38,1,0,52,5.598958,8.0
6.0052085,0.115885414,64,43,1,0,53,5.994792,9.0
5.9765625,0.29166666,69,60,1,0,54,5.598958,8.0
6.1640625,0.104166664,81,77,1,0,55,5.994792,9.0
6.1796875,0.23567708,62,41,1,0,56,5.994792,9.0
6.1914062,0.22395833,66,52,1,0,57,5.994792,9.0
6.1731772,0.2421875,71,61,1,0,58,5.994792,9.0
6.390625,0.067708336,69,66,1,0,59,5.994792,9.0
6.3945312,0.14192708,61,53,1,0,60,6.392578,10.0
6.4049478,0.13802083,64,58,1,0,61,6.392578,10.0
6.5872397,0.63932294,67,62,1,0,62,6.392578,10.0
6.3867188,0.83984375,81,76,1,0,63,5.994792,9.0
6.591146,0.6354167,62,45,1,0,64,6.392578,10.0
6.580729,0.6458333,59,56,1,0,65,6.392578,10.0
6.794271,0.43229166,66,65,1,0,66,6.789062,11.0
6.7825522,0.4440104,61,53,1,0,67,6.392578,10.0
6.7890625,0.4375,57,53,1,0,68,6.789062,11.0
6.986979,0.23958333,62,50,1,0,69,6.789062,11.0
7.0104165,0.21614583,59,55,1,0,70,6.789062,11.0
6.984375,0.2421875,67,68,1,0,71,6.789062,11.0
7.184896,0.1640625,57,55,1,0,72,6.789062,11.0
7.2304688,0.16015625,61,40,1,0,73,7.214844,12.0
7.2148438,0.19921875,66,54,1,0,74,6.789062,11.0
7.4140625,0.14583333,55,47,1,0,75,7.214844,12.0
7.4127603,0.16536458,59,52,1,0,76,7.214844,12.0
7.4075522,0.17708333,64,62,1,0,77,7.214844,12.0
7.6132812,0.095052086,54,48,1,0,78,7.214844,12.0
7.6523438,0.111979164,57,40,1,0,79,7.617188,13.0
7.6171875,0.29296875,62,50,1,0,80,7.214844,12.0
7.799479,0.110677086,74,76,1,0,81,7.617188,13.0
7.8229165,0.15755208,55,50,1,0,82,7.617188,13.0
7.8229165,0.16145833,59,57,1,0,83,7.617188,13.0
7.8190103,0.20442708,64,62,1,0,84,7.617188,13.0
8.0234375,0.084635414,62,53,1,0,85,7.617188,13.0
8.037761,0.13151042,57,50,1,0,86,8.027995,14.0
8.032552,0.13932292,54,47,1,0,87,8.027995,14.0
8.019531,0.2265625,74,78,1,0,88,7.617188,13.0
8.25,0.14453125,61,46,1,0,89,8.027995,14.0
8.21875,0.17578125,52,51,1,0,90,8.027995,14.0
8.21875,0.18229167,55,52,1,0,91,8.027995,14.0
8.225261,0.18489583,73,68,1,0,92,8.027995,14.0
8.449219,0.0390625,62,53,1,0,93,8.446615,15.0
8.446614,0.046875,54,57,1,0,94,8.027995,14.0
8.446614,0.0546875,50,38,1,0,95,8.027995,14.0
8.442708,0.087239586,74,66,1,0,96,8.027995,14.0
8.671875,0.3763021,63,53,1,0,97,8.446615,15.0
8.8723955,0.17578125,43,52,1,0,98,8.446615,15.0
8.8828125,0.16536458,55,52,1,0,99,8.877604,16.0
8.667969,0.38020834,75,70,1,0,100,8.446615,15.0
9.058594,0.04296875,64,59,1,0,101,8.877604,16.0
9.0546875,0.063802086,76,65,1,0,102,8.877604,16.0
9.28125,0.0390625,67,56,1,0,103,9.275391,17.0
9.277344,0.044270832,57,49,1,0,104,9.275391,17.0
9.2734375,0.052083332,45,56,1,0,105,8.877604,16.0
9.2682295,0.065104164,73,63,1,0,106,8.877604,16.0
9.477864,0.046875,69,58,1,0,107,9.275391,17.0
9.7473955,0.48046875,66,37,1,0,108,9.275391,17.0
9.7630205,0.46484375,50,28,1,0,109,9.755209,18.0
9.766927,0.4609375,38,32,1,0,110,9.755209,18.0
9.727864,0.5,74,44,1,0,111,9.275391,17.0
10.3828125,0.6458333,78,81,1,0,112,10.16276,19.0
10.475261,0.55338544,86,83,1,0,113,10.16276,19.0
10.5703125,0.45833334,76,78,1,0,114,10.570312,20.0
10.645833,0.3828125,85,73,1,0,115,10.570312,20.0
10.738281,0.2903646,74,79,1,0,116,10.570312,20.0
10.813802,0.21484375,83,76,1,0,117,10.570312,20.0
10.9375,0.091145836,73,85,1,0,118,10.9375,21.0
11.0130205,0.061197918,81,66,1,0,119,10.9375,21.0
11.09375,0.048177082,45,88,1,0,120,10.9375,21.0
11.1015625,0.046875,33,83,1,0,121,10.9375,21.0
11.098958,0.083333336,74,85,1,0,122,10.9375,21.0
11.201823,0.125,83,73,1,0,123,10.9375,21.0
11.34375,0.34895834,73,89,1,0,124,11.34375,22.0
11.457031,0.23567708,81,88,1,0,125,11.34375,22.0
11.552083,0.140625,71,80,1,0,126,11.34375,22.0
11.640625,0.076822914,79,79,1,0,127,11.34375,22.0
11.755208,0.115885414,69,78,1,0,128,11.755208,23.0
11.8411455,0.071614586,78,80,1,0,129,11.755208,23.0
11.9375,0.8723958,71,77,1,0,130,11.755208,23.0
12.036458,0.7734375,79,83,1,0,131,11.755208,23.0
12.1328125,0.6770833,69,80,1,0,132,12.132812,24.0
12.21875,0.5911458,78,79,1,0,133,12.132812,24.0
12.322917,0.48697916,67,79,1,0,134,12.132812,24.0
11.3567705,1.453125,33,88,1,0,135,11.34375,22.0
11.34375,1.4661459,45,97,1,0,136,11.34375,22.0
12.4140625,0.39583334,76,78,1,0,137,12.132812,24.0
12.524739,0.28515625,66,80,1,0,138,12.132812,24.0
12.6171875,0.19270833,74,62,1,0,139,12.52474,25.0
12.704427,0.10546875,46,80,1,0,140,12.52474,25.0
12.717448,0.092447914,34,65,1,0,141,12.52474,25.0
12.703125,0.106770836,67,75,1,0,142,12.52474,25.0
12.795573,0.072916664,76,70,1,0,143,12.52474,25.0
12.904948,0.037760418,47,83,1,0,144,12.904948,26.0
12.9140625,0.037760418,35,73,1,0,145,12.904948,26.0
12.899739,0.076822914,66,79,1,0,146,12.52474,25.0
12.979167,0.076822914,74,69,1,0,147,12.904948,26.0
13.105469,0.040364582,33,87,1,0,148,12.904948,26.0
13.114583,0.03515625,45,65,1,0,149,12.904948,26.0
13.083333,0.098958336,66,83,1,0,150,12.904948,26.0
13.1744795,0.091145836,75,76,1,0,151,12.904948,26.0
13.2942705,0.05078125,43,94,1,0,152,12.904948,26.0
13.302083,0.055989582,31,82,1,0,153,13.294271,27.0
13.277344,0.106770836,67,80,1,0,154,12.904948,26.0
13.3828125,0.078125,76,73,1,0,155,13.294271,27.0
13.488281,0.057291668,42,85,1,0,156,13.294271,27.0
13.4921875,0.065104164,30,86,1,0,157,13.294271,27.0
13.4817705,0.09765625,69,81,1,0,158,13.294271,27.0
13.574219,0.08984375,78,74,1,0,159,13.294271,27.0
13.704427,0.22526042,28,84,1,0,160,13.704427,28.0
13.704427,0.22526042,40,91,1,0,161,13.704427,28.0
13.7005205,0.22916667,71,81,1,0,162,13.294271,27.0
13.8125,0.1171875,79,79,1,0,163,13.704427,28.0
13.894531,0.095052086,78,85,1,0,164,13.704427,28.0
13.989583,0.092447914,81,71,1,0,165,13.704427,28.0
14.087239,0.048177082,33,87,1,0,166,14.084635,29.0
14.084636,0.05078125,45,91,1,0,167,14.084635,29.0
14.084636,0.23177083,79,82,1,0,168,14.084635,29.0
14.141927,0.17447917,83,73,1,0,169,14.084635,29.0
14.2994795,0.016927084,68,60,1,0,170,14.084635,29.0
14.290364,0.0390625,64,89,1,0,171,14.084635,29.0
14.296875,0.040364582,67,82,1,0,172,14.084635,29.0
14.2890625,0.08203125,73,79,1,0,173,14.084635,29.0
14.5651045,0.0390625,62,73,1,0,174,14.565104,30.0
14.5598955,0.390625,66,80,1,0,175,14.084635,29.0
14.5703125,0.38020834,50,90,1,0,176,14.565104,30.0
14.5598955,0.390625,74,91,1,0,177,14.084635,29.0
14.571614,0.37890625,38,84,1,0,178,14.565104,30.0
15.208333,0.0390625,38,63,1,0,179,14.978516,31.0
15.277344,0.04296875,62,59,1,0,180,14.978516,31.0
15.285156,0.04296875,50,60,1,0,181,14.978516,31.0
15.391927,0.036458332,37,70,1,0,182,15.391927,32.0
15.484375,0.03125,49,56,1,0,183,15.391927,32.0
15.479167,0.036458332,61,65,1,0,184,15.391927,32.0
15.5755205,0.03515625,35,67,1,0,185,15.391927,32.0
15.675781,0.061197918,59,54,1,0,186,15.391927,32.0
15.753906,0.055989582,33,74,1,0,187,15.753906,33.0
15.852864,0.041666668,57,64,1,0,188,15.753906,33.0
15.942708,0.045572918,37,74,1,0,189,15.753906,33.0
16.03125,0.036458332,61,67,1,0,190,15.753906,33.0
16.048178,0.0390625,49,47,1,0,191,15.753906,33.0
16.128906,0.045572918,38,76,1,0,192,16.128906,34.0
16.257812,0.0052083335,64,20,1,0,193,16.128906,34.0
16.3125,0.0546875,42,73,1,0,194,16.128906,34.0
16.410156,0.036458332,66,67,1,0,195,16.128906,34.0
16.454428,0.063802086,54,10,1,0,196,16.128906,34.0
16.501303,0.032552082,45,74,1,0,197,16.128906,34.0
16.503906,0.033854168,33,75,1,0,198,16.502604,35.0
16.591146,0.036458332,69,69,1,0,199,16.502604,35.0
16.610678,0.0390625,57,46,1,0,200,16.502604,35.0
16.691406,0.033854168,49,73,1,0,201,16.502604,35.0
16.696615,0.040364582,37,67,1,0,202,16.502604,35.0
16.791666,0.044270832,73,62,1,0,203,16.502604,35.0
16.796875,0.04296875,61,54,1,0,204,16.502604,35.0
16.888021,0.04296875,50,71,1,0,205,16.502604,35.0
16.890625,0.045572918,38,66,1,0,206,16.889322,36.0
16.981771,0.036458332,62,57,1,0,207,16.889322,36.0
16.980469,0.044270832,74,70,1,0,208,16.889322,36.0
17.085938,0.036458332,52,74,1,0,209,16.889322,36.0
17.098959,0.04296875,40,62,1,0,210,16.889322,36.0
17.175781,0.037760418,64,63,1,0,211,16.889322,36.0
17.174479,0.0390625,76,72,1,0,212,16.889322,36.0
17.283854,0.045572918,54,75,1,0,213,16.889322,36.0
17.286459,0.053385418,42,69,1,0,214,17.285156,37.0
17.377604,0.044270832,78,77,1,0,215,17.285156,37.0
17.384115,0.045572918,66,61,1,0,216,17.285156,37.0
17.477865,0.045572918,55,76,1,0,217,17.285156,37.0
17.483072,0.041666668,43,68,1,0,218,17.285156,37.0
17.576822,0.036458332,79,72,1,0,219,17.285156,37.0
17.580729,0.037760418,67,65,1,0,220,17.285156,37.0
17.677084,0.03515625,57,81,1,0,221,17.285156,37.0
17.678385,0.04296875,45,71,1,0,222,17.677734,38.0
17.770834,0.032552082,69,71,1,0,223,17.677734,38.0
17.768229,0.0390625,81,76,1,0,224,17.677734,38.0
17.863281,0.046875,58,89,1,0,225,17.677734,38.0
17.871094,0.044270832,46,79,1,0,226,17.677734,38.0
17.947916,0.05078125,82,82,1,0,227,17.677734,38.0
17.94401,0.067708336,70,86,1,0,228,17.677734,38.0
18.041666,0.041666668,47,78,1,0,229,17.677734,38.0
18.041666,0.053385418,59,87,1,0,230,17.677734,38.0
18.13151,0.03515625,71,83,1,0,231,18.041668,39.0
18.136719,0.04296875,83,82,1,0,232,18.041668,39.0
18.234375,0.04296875,49,76,1,0,233,18.041668,39.0
18.22526,0.061197918,61,91,1,0,234,18.041668,39.0
18.294271,0.0390625,85,84,1,0,235,18.041668,39.0
18.286459,0.065104164,73,90,1,0,236,18.041668,39.0
18.410156,0.0546875,74,96,1,0,237,18.041668,39.0
18.407553,0.06640625,86,94,1,0,238,18.041668,39.0
18.414062,0.0625,62,88,1,0,239,18.41211,40.0
18.416666,0.063802086,50,89,1,0,240,18.41211,40.0
18.859375,0.1015625,76,102,1,0,241,18.859375,41.0
18.859375,0.10546875,64,99,1,0,242,18.859375,41.0
18.860678,0.10546875,52,84,1,0,243,18.859375,41.0
18.859375,0.114583336,88,94,1,0,244,18.859375,41.0
19.544271,2.7916667,90,97,1,0,245,19.544271,42.0
19.544271,2.7916667,78,100,1,0,246,19.544271,42.0
19.541666,2.7942708,66,89,1,0,247,18.859375,41.0
19.544271,2.7916667,54,87,1,0,248,19.544271,42.0
22.382812,0.091145836,66,50,1,0,249,21.072266,43.0
22.591146,0.3984375,47,42,1,0,250,21.072266,43.0
22.734375,0.25520834,50,54,1,0,251,22.60026,44.0
22.832031,0.15755208,54,54,1,0,252,22.60026,44.0
22.915365,0.07421875,59,50,1,0,253,22.60026,44.0
22.609375,0.48046875,74,66,1,0,254,22.60026,44.0
23.041666,0.104166664,46,48,1,0,255,23.034506,45.0
23.16276,0.2513021,52,56,1,0,256,23.034506,45.0
23.242188,0.171875,54,56,1,0,257,23.034506,45.0
23.347656,0.06640625,61,54,1,0,258,23.034506,45.0
23.027344,0.50390625,78,68,1,0,259,22.60026,44.0
23.453125,0.102864586,47,48,1,0,260,23.034506,45.0
23.575521,0.071614586,50,49,1,0,261,23.45638,46.0
23.677084,0.065104164,54,52,1,0,262,23.45638,46.0
23.765625,0.06640625,59,50,1,0,263,23.45638,46.0
23.459635,0.41666666,74,62,1,0,264,23.45638,46.0
23.875,0.098958336,47,57,1,0,265,23.45638,46.0
23.898438,0.096354164,76,60,1,0,266,23.886719,47.0
23.97526,0.055989582,50,51,1,0,267,23.886719,47.0
23.997396,0.05078125,74,63,1,0,268,23.886719,47.0
24.0625,0.061197918,54,52,1,0,269,23.886719,47.0
24.05599,0.07421875,73,75,1,0,270,23.886719,47.0
24.141928,0.088541664,59,61,1,0,271,23.886719,47.0
24.148438,0.08203125,71,66,1,0,272,23.886719,47.0
24.235678,0.033854168,70,74,1,0,273,23.886719,47.0
24.246094,0.12109375,49,59,1,0,274,24.240885,48.0
24.384115,0.057291668,52,55,1,0,275,24.240885,48.0
24.453125,0.05078125,70,70,1,0,276,24.240885,48.0
24.476562,0.0546875,54,56,1,0,277,24.240885,48.0
24.608072,0.053385418,58,25,1,0,278,24.240885,48.0
24.657553,0.08984375,73,65,1,0,279,24.240885,48.0
24.669271,0.09375,47,55,1,0,280,24.663412,49.0
24.777344,0.055989582,50,58,1,0,281,24.663412,49.0
24.759115,0.084635414,71,54,1,0,282,24.663412,49.0
24.867188,0.053385418,54,56,1,0,283,24.663412,49.0
24.859375,0.078125,70,70,1,0,284,24.663412,49.0
24.927084,0.028645834,59,63,1,0,285,24.663412,49.0
24.949219,0.079427086,71,59,1,0,286,24.663412,49.0
25.070312,0.0859375,42,53,1,0,287,25.061848,50.0
25.160156,0.19401042,49,62,1,0,288,25.061848,50.0
25.260416,0.09375,54,60,1,0,289,25.061848,50.0
25.347656,0.036458332,58,56,1,0,290,25.061848,50.0
25.053385,0.4127604,73,71,1,0,291,24.663412,49.0
25.451822,0.036458332,66,70,1,0,292,25.061848,50.0
25.472656,0.115885414,42,62,1,0,293,25.46224,51.0
25.56901,0.100260414,49,65,1,0,294,25.46224,51.0
25.641928,0.078125,66,71,1,0,295,25.46224,51.0
25.664062,0.09375,54,59,1,0,296,25.46224,51.0
25.757812,0.07421875,58,58,1,0,297,25.46224,51.0
25.873697,0.100260414,47,53,1,0,298,25.86849,52.0
25.977865,0.061197918,50,56,1,0,299,25.86849,52.0
26.084635,0.0703125,54,44,1,0,300,25.86849,52.0
26.152344,0.13020833,59,55,1,0,301,25.86849,52.0
25.863281,0.4986979,74,74,1,0,302,25.46224,51.0
26.27474,0.13541667,46,54,1,0,303,25.86849,52.0
26.41276,0.052083332,52,56,1,0,304,26.29362,53.0
26.498697,0.079427086,54,54,1,0,305,26.29362,53.0
26.601562,0.036458332,61,42,1,0,306,26.29362,53.0
26.3125,0.4765625,78,64,1,0,307,26.29362,53.0
26.704428,0.115885414,47,49,1,0,308,26.29362,53.0
26.828125,0.065104164,50,52,1,0,309,26.711588,54.0
26.914062,0.05078125,54,54,1,0,310,26.711588,54.0
27.010416,0.0859375,59,56,1,0,311,26.711588,54.0
26.71875,0.40104166,74,61,1,0,312,26.711588,54.0
27.130209,0.092447914,50,53,1,0,313,26.711588,54.0
27.140625,0.110677086,76,63,1,0,314,27.135416,55.0
27.24349,0.045572918,54,57,1,0,315,27.135416,55.0
27.251303,0.053385418,74,60,1,0,316,27.135416,55.0
27.31901,0.08203125,73,75,1,0,317,27.135416,55.0
27.35026,0.057291668,59,61,1,0,318,27.135416,55.0
27.428385,0.06640625,54,52,1,0,319,27.135416,55.0
27.414062,0.091145836,71,65,1,0,320,27.135416,55.0
27.50651,0.0390625,69,77,1,0,321,27.135416,55.0
27.513021,0.13151042,49,65,1,0,322,27.509766,56.0
27.634115,0.041666668,54,65,1,0,323,27.509766,56.0
27.701822,0.044270832,69,79,1,0,324,27.509766,56.0
27.721354,0.067708336,57,60,1,0,325,27.509766,56.0
27.792969,0.05859375,54,56,1,0,326,27.509766,56.0
27.89974,0.09765625,49,64,1,0,327,27.509766,56.0
27.903646,0.100260414,69,66,1,0,328,27.901693,57.0
28.007812,0.048177082,53,54,1,0,329,27.901693,57.0
28.005209,0.08203125,68,66,1,0,330,27.901693,57.0
28.083334,0.048177082,56,56,1,0,331,27.901693,57.0
28.09375,0.057291668,66,71,1,0,332,27.901693,57.0
28.190104,0.0859375,68,68,1,0,333,27.901693,57.0
28.285156,0.10546875,42,56,1,0,334,27.901693,57.0
28.407553,0.067708336,45,52,1,0,335,28.291666,58.0
28.505209,0.048177082,49,52,1,0,336,28.291666,58.0
28.298178,0.2565104,66,60,1,0,337,28.291666,58.0
28.591146,0.076822914,54,56,1,0,338,28.291666,58.0
28.722656,0.203125,42,42,1,0,339,28.722656,59.0
28.934896,0.16015625,61,53,1,0,340,28.722656,59.0
29.186197,0.14453125,68,60,1,0,341,28.722656,59.0
29.292969,0.14453125,61,53,1,0,342,29.18815,60.0
29.404947,0.34635416,65,61,1,0,343,29.18815,60.0
29.38151,0.36979166,59,69,1,0,344,29.18815,60.0
29.484375,0.2669271,68,70,1,0,345,29.18815,60.0
29.589844,0.16145833,69,78,1,0,346,29.589844,61.0
29.404947,0.34635416,56,62,1,0,347,29.18815,60.0
29.6875,0.108072914,61,67,1,0,348,29.589844,61.0
29.766928,0.14192708,57,51,1,0,349,29.589844,61.0
29.783854,0.1484375,66,70,1,0,350,29.589844,61.0
29.759115,0.22786458,54,53,1,0,351,29.589844,61.0
29.878906,0.13671875,69,62,1,0,352,29.589844,61.0
29.99349,0.092447914,71,66,1,0,353,29.589844,61.0
30.088541,0.098958336,61,59,1,0,354,29.996094,62.0
30.003906,0.21484375,53,44,1,0,355,29.996094,62.0
29.190104,1.0351562,49,49,1,0,356,29.18815,60.0
29.996094,0.2734375,56,31,1,0,357,29.996094,62.0
30.188803,0.14713542,65,59,1,0,358,29.996094,62.0
30.285156,0.095052086,68,65,1,0,359,29.996094,62.0
30.385416,0.14713542,73,74,1,0,360,29.996094,62.0
30.488281,0.108072914,71,61,1,0,361,30.385418,63.0
30.578125,0.084635414,69,66,1,0,362,30.385418,63.0
30.670572,0.083333336,68,68,1,0,363,30.385418,63.0
30.765625,0.046875,57,65,1,0,364,30.765625,64.0
30.770834,0.04296875,54,59,1,0,365,30.765625,64.0
30.764322,0.1015625,69,59,1,0,366,30.385418,63.0
30.859375,0.078125,66,74,1,0,367,30.765625,64.0
30.960938,0.037760418,57,62,1,0,368,30.765625,64.0
30.957031,0.052083332,54,61,1,0,369,30.765625,64.0
30.966146,0.087239586,65,64,1,0,370,30.765625,64.0
31.067709,0.084635414,66,71,1,0,371,30.765625,64.0
31.15625,0.04296875,56,64,1,0,372,31.15625,65.0
31.161459,0.040364582,59,67,1,0,373,31.15625,65.0
31.154947,0.096354164,71,70,1,0,374,30.765625,64.0
31.261719,0.057291668,66,63,1,0,375,31.15625,65.0
31.359375,0.037760418,59,47,1,0,376,31.15625,65.0
31.360678,0.05078125,56,50,1,0,377,31.15625,65.0
31.359375,0.059895832,65,63,1,0,378,31.15625,65.0
31.458334,0.080729164,66,60,1,0,379,31.15625,65.0
31.570312,0.09765625,73,59,1,0,380,31.15625,65.0
31.58724,0.13932292,61,46,1,0,381,31.571615,66.0
31.571615,0.16015625,57,30,1,0,382,31.571615,66.0
31.679688,0.0859375,69,54,1,0,383,31.571615,66.0
31.782553,0.08984375,68,60,1,0,384,31.571615,66.0
31.884115,0.080729164,69,63,1,0,385,31.571615,66.0
31.976562,0.106770836,71,68,1,0,386,31.976562,67.0
32.08073,0.0546875,69,61,1,0,387,31.976562,67.0
32.164062,0.102864586,68,67,1,0,388,31.976562,67.0
32.277344,0.108072914,69,62,1,0,389,31.976562,67.0
32.38151,0.100260414,71,62,1,0,390,32.380207,68.0
32.49349,0.4375,64,66,1,0,391,32.380207,68.0
32.59505,0.3359375,68,68,1,0,392,32.380207,68.0
32.57422,0.35677084,62,58,1,0,393,32.380207,68.0
32.677082,0.25390625,71,64,1,0,394,32.380207,68.0
32.765625,0.16536458,73,82,1,0,395,32.765625,69.0
32.583332,0.34895834,59,61,1,0,396,32.380207,68.0
32.85677,0.102864586,64,71,1,0,397,32.765625,69.0
32.97005,0.14322917,61,46,1,0,398,32.765625,69.0
32.95703,0.16145833,69,63,1,0,399,32.765625,69.0
32.951824,0.19661458,57,52,1,0,400,32.765625,69.0
33.046875,0.1484375,73,63,1,0,401,32.765625,69.0
33.171875,0.083333336,74,68,1,0,402,33.170574,70.0
32.378906,1.1953125,52,50,1,0,403,31.976562,67.0
33.158855,0.4153646,59,42,1,0,404,32.765625,69.0
33.170574,0.40364584,56,41,1,0,405,33.170574,70.0
33.26172,0.3125,64,66,1,0,406,33.170574,70.0
33.391926,0.18229167,68,64,1,0,407,33.170574,70.0
33.497395,0.080729164,71,63,1,0,408,33.170574,70.0
33.59375,0.095052086,76,66,1,0,409,33.59375,71.0
33.6875,0.111979164,74,60,1,0,410,33.59375,71.0
33.785156,0.07421875,73,67,1,0,411,33.59375,71.0
33.882812,0.091145836,71,63,1,0,412,33.59375,71.0
33.963543,0.041666668,61,70,1,0,413,33.59375,71.0
33.971355,0.0390625,57,58,1,0,414,33.971355,72.0
33.979168,0.046875,73,74,1,0,415,33.971355,72.0
34.052082,0.08203125,69,64,1,0,416,33.971355,72.0
34.170574,0.048177082,61,65,1,0,417,33.971355,72.0
34.178387,0.044270832,57,56,1,0,418,33.971355,72.0
34.153645,0.084635414,68,74,1,0,419,33.971355,72.0
34.26823,0.065104164,69,70,1,0,420,33.971355,72.0
34.38151,0.0390625,62,54,1,0,421,34.38151,73.0
34.385418,0.045572918,59,60,1,0,422,34.38151,73.0
34.380207,0.0546875,74,70,1,0,423,33.971355,72.0
34.466145,0.055989582,69,66,1,0,424,34.38151,73.0
34.579426,0.040364582,62,42,1,0,425,34.38151,73.0
34.565105,0.0625,59,66,1,0,426,34.38151,73.0
34.55599,0.078125,68,70,1,0,427,34.38151,73.0
34.66276,0.072916664,69,66,1,0,428,34.38151,73.0
34.77995,0.075520836,76,67,1,0,429,34.38151,73.0
34.79297,0.122395836,61,45,1,0,430,34.78125,74.0
34.78125,0.14453125,64,46,1,0,431,34.78125,74.0
34.890625,0.05078125,69,59,1,0,432,34.78125,74.0
34.977863,0.048177082,68,66,1,0,433,34.78125,74.0
35.066406,0.0703125,69,66,1,0,434,34.78125,74.0
35.177082,0.071614586,71,63,1,0,435,35.177082,75.0
35.265625,0.067708336,73,71,1,0,436,35.177082,75.0
35.3737,0.053385418,74,70,1,0,437,35.177082,75.0
35.46745,0.102864586,76,70,1,0,438,35.177082,75.0
35.635418,0.087239586,62,45,1,0,439,35.57422,76.0
35.7513,0.096354164,61,62,1,0,440,35.57422,76.0
35.869793,0.041666668,62,49,1,0,441,35.57422,76.0
35.95703,0.052083332,64,66,1,0,442,35.95703,77.0
36.059895,0.055989582,66,62,1,0,443,35.95703,77.0
36.14974,0.037760418,68,61,1,0,444,35.95703,77.0
35.57422,0.7135417,78,70,1,0,445,35.57422,76.0
36.2513,0.0703125,69,61,1,0,446,35.95703,77.0
36.463543,0.069010414,78,60,1,0,447,36.360676,78.0
36.5625,0.063802086,77,66,1,0,448,36.360676,78.0
36.660156,0.29166666,78,70,1,0,449,36.360676,78.0
36.744793,0.20703125,80,76,1,0,450,36.744793,79.0
36.833332,0.118489586,81,79,1,0,451,36.744793,79.0
36.928387,0.0859375,83,72,1,0,452,36.744793,79.0
36.360676,0.72265625,71,60,1,0,453,36.360676,78.0
37.016926,0.088541664,85,77,1,0,454,36.744793,79.0
37.21745,0.041666668,71,62,1,0,455,37.104168,80.0
37.307293,0.059895832,70,68,1,0,456,37.104168,80.0
37.414062,0.044270832,71,62,1,0,457,37.104168,80.0
37.51823,0.2747396,73,66,1,0,458,37.51823,81.0
37.597656,0.1953125,74,74,1,0,459,37.51823,81.0
37.67448,0.118489586,76,69,1,0,460,37.51823,81.0
37.76953,0.110677086,78,73,1,0,461,37.51823,81.0
37.9362,0.044270832,64,67,1,0,462,37.871094,82.0
38.041668,0.053385418,63,60,1,0,463,37.871094,82.0
37.104168,1.5898438,86,81,1,0,464,37.104168,80.0
38.135418,0.55859375,64,66,1,0,465,37.871094,82.0
37.871094,0.8229167,80,70,1,0,466,37.871094,82.0
38.23828,0.45572916,66,71,1,0,467,38.23828,83.0
38.358074,0.3359375,68,77,1,0,468,38.23828,83.0
38.446613,0.24739583,69,77,1,0,469,38.23828,83.0
38.548176,0.14583333,71,65,1,0,470,38.23828,83.0
38.75,0.092447914,57,59,1,0,471,38.64453,84.0
38.85547,0.079427086,56,75,1,0,472,38.64453,84.0
38.953125,0.6015625,57,68,1,0,473,38.64453,84.0
38.64453,0.91015625,85,92,1,0,474,38.64453,84.0
38.64453,0.91015625,81,82,1,0,475,38.64453,84.0
39.053387,0.50130206,59,75,1,0,476,39.053387,85.0
38.651043,0.9036458,73,86,1,0,477,38.64453,84.0
39.15755,0.3971354,61,77,1,0,478,39.053387,85.0
39.257812,0.296875,62,69,1,0,479,39.053387,85.0
39.346355,0.20833333,64,77,1,0,480,39.053387,85.0
39.4388,0.115885414,65,60,1,0,481,39.053387,85.0
39.5625,0.09375,49,68,1,0,482,39.453777,86.0
39.658855,0.123697914,48,64,1,0,483,39.453777,86.0
39.76172,0.088541664,49,75,1,0,484,39.453777,86.0
39.454426,0.7552083,83,90,1,0,485,39.453777,86.0
39.852863,0.35677084,51,74,1,0,486,39.852863,87.0
39.45573,0.75390625,73,89,1,0,487,39.453777,86.0
39.453125,0.75651044,71,93,1,0,488,39.053387,85.0
39.94922,0.26041666,53,69,1,0,489,39.852863,87.0
39.459637,0.75,77,74,1,0,490,39.453777,86.0
40.052082,0.15755208,54,79,1,0,491,39.852863,87.0
39.447918,0.76171875,80,87,1,0,492,39.053387,85.0
40.148438,0.106770836,56,79,1,0,493,39.852863,87.0
40.2513,0.104166664,54,91,1,0,494,39.852863,87.0
40.25651,0.22005208,73,90,1,0,495,40.25586,88.0
40.25651,0.22005208,69,87,1,0,496,40.25586,88.0
40.375,0.1015625,57,88,1,0,497,40.25586,88.0
40.255207,0.24739583,81,94,1,0,498,39.852863,87.0
40.489582,0.14453125,54,80,1,0,499,40.25586,88.0
40.4987,0.13541667,80,76,1,0,500,40.25586,88.0
40.588543,0.069010414,57,85,1,0,501,40.25586,88.0
40.584637,0.100260414,78,82,1,0,502,40.25586,88.0
40.6862,0.3450521,54,79,1,0,503,40.25586,88.0
40.6875,0.34375,76,73,1,0,504,40.686848,89.0
40.785156,0.24609375,57,76,1,0,505,40.686848,89.0
40.783855,0.24739583,75,81,1,0,506,40.686848,89.0
40.86328,0.16796875,54,78,1,0,507,40.686848,89.0
40.95573,0.075520836,57,55,1,0,508,40.686848,89.0
40.8763,0.15494792,73,80,1,0,509,40.686848,89.0
40.959637,0.08203125,71,77,1,0,510,40.686848,89.0
41.052082,0.069010414,69,78,1,0,511,40.686848,89.0
41.0612,0.079427086,42,82,1,0,512,41.05664,90.0
41.161457,0.05078125,51,75,1,0,513,41.05664,90.0
41.15495,0.083333336,68,75,1,0,514,41.05664,90.0
41.239582,0.083333336,66,75,1,0,515,41.05664,90.0
41.259113,0.071614586,42,82,1,0,516,41.05664,90.0
41.367188,0.052083332,51,66,1,0,517,41.05664,90.0
41.338543,0.084635414,64,68,1,0,518,41.05664,90.0
41.459637,0.052083332,42,69,1,0,519,41.446613,91.0
41.433594,0.118489586,63,67,1,0,520,41.05664,90.0
41.545574,0.052083332,51,64,1,0,521,41.446613,91.0
41.536457,0.084635414,61,61,1,0,522,41.446613,91.0
41.622395,0.061197918,59,63,1,0,523,41.446613,91.0
41.64323,0.061197918,42,67,1,0,524,41.446613,91.0
41.71745,0.049479168,57,62,1,0,525,41.446613,91.0
41.74349,0.04296875,51,69,1,0,526,41.446613,91.0
41.82552,0.065104164,56,64,1,0,527,41.446613,91.0
41.84505,0.05078125,40,70,1,0,528,41.835285,92.0
41.916668,0.048177082,54,67,1,0,529,41.835285,92.0
41.95052,0.114583336,52,62,1,0,530,41.835285,92.0
42.041668,0.065104164,40,67,1,0,531,41.835285,92.0
42.151043,0.04296875,52,42,1,0,532,41.835285,92.0
42.096355,0.102864586,54,64,1,0,533,41.835285,92.0
42.204426,0.067708336,56,60,1,0,534,41.835285,92.0
42.24349,0.053385418,40,67,1,0,535,42.223957,93.0
42.34375,0.041666668,57,40,1,0,536,42.223957,93.0
42.351562,0.048177082,52,51,1,0,537,42.223957,93.0
42.427082,0.065104164,40,61,1,0,538,42.223957,93.0
42.433594,0.071614586,59,61,1,0,539,42.223957,93.0
42.541668,0.05078125,52,53,1,0,540,42.223957,93.0
42.52474,0.071614586,61,64,1,0,541,42.223957,93.0
42.627605,0.063802086,40,65,1,0,542,42.622395,94.0
42.617188,0.100260414,62,58,1,0,543,42.223957,93.0
42.727863,0.048177082,61,62,1,0,544,42.622395,94.0
42.740887,0.05078125,52,56,1,0,545,42.622395,94.0
42.834637,0.0703125,40,61,1,0,546,42.622395,94.0
42.8125,0.098958336,59,63,1,0,547,42.622395,94.0
42.911457,0.061197918,61,69,1,0,548,42.622395,94.0
42.946613,0.0390625,52,62,1,0,549,42.622395,94.0
43.015625,0.07421875,62,68,1,0,550,42.622395,94.0
43.027344,0.0703125,38,76,1,0,551,43.021484,95.0
43.122395,0.05078125,50,63,1,0,552,43.021484,95.0
43.119793,0.100260414,64,67,1,0,553,43.021484,95.0
43.227863,0.069010414,38,73,1,0,554,43.021484,95.0
43.22005,0.083333336,66,72,1,0,555,43.021484,95.0
43.33724,0.03125,50,54,1,0,556,43.021484,95.0
43.32422,0.065104164,68,66,1,0,557,43.021484,95.0
43.423176,0.0625,37,79,1,0,558,43.021484,95.0
43.42448,0.0625,69,74,1,0,559,43.42383,96.0
43.523438,0.055989582,45,70,1,0,560,43.42383,96.0
43.528645,0.071614586,70,73,1,0,561,43.42383,96.0
43.6263,0.044270832,71,69,1,0,562,43.42383,96.0
43.63151,0.061197918,37,75,1,0,563,43.42383,96.0
43.722656,0.069010414,45,61,1,0,564,43.42383,96.0
43.72526,0.08984375,72,67,1,0,565,43.42383,96.0
43.834637,0.052083332,37,74,1,0,566,43.83203,97.0
43.829426,0.063802086,73,77,1,0,567,43.42383,96.0
43.928387,0.053385418,45,66,1,0,568,43.83203,97.0
43.914062,0.067708336,74,73,1,0,569,43.83203,97.0
44.01172,0.076822914,75,80,1,0,570,43.83203,97.0
44.033855,0.055989582,37,79,1,0,571,43.83203,97.0
44.122395,0.057291668,45,69,1,0,572,43.83203,97.0
44.11328,0.091145836,76,78,1,0,573,43.83203,97.0
44.266926,0.0013020834,40,38,1,0,574,44.223957,98.0
44.233074,0.052083332,38,74,1,0,575,44.223957,98.0
44.214844,0.10546875,77,85,1,0,576,43.83203,97.0
44.32422,0.075520836,78,85,1,0,577,44.223957,98.0
44.333332,0.08203125,45,64,1,0,578,44.223957,98.0
44.416668,0.075520836,38,83,1,0,579,44.223957,98.0
44.416668,0.084635414,79,79,1,0,580,44.223957,98.0
44.510418,0.079427086,80,87,1,0,581,44.223957,98.0
44.514324,0.088541664,45,63,1,0,582,44.223957,98.0
44.59505,0.092447914,81,85,1,0,583,44.223957,98.0
44.598957,0.09765625,39,84,1,0,584,44.597004,99.0
44.703125,0.0703125,45,71,1,0,585,44.597004,99.0
44.691406,0.087239586,82,87,1,0,586,44.597004,99.0
44.804688,0.075520836,39,80,1,0,587,44.597004,99.0
44.790363,0.11328125,83,83,1,0,588,44.597004,99.0
44.89974,0.109375,45,72,1,0,589,44.597004,99.0
44.884113,0.15104167,84,89,1,0,590,44.597004,99.0
45.01302,0.088541664,40,85,1,0,591,45.009113,100.0
45.005207,0.13541667,85,95,1,0,592,44.597004,99.0
45.127605,0.092447914,45,75,1,0,593,45.009113,100.0
45.135418,0.119791664,86,88,1,0,594,45.009113,100.0
45.22005,0.31510416,40,83,1,0,595,45.009113,100.0
45.244793,0.2903646,87,89,1,0,596,45.009113,100.0
45.338543,0.19661458,45,73,1,0,597,45.009113,100.0
45.35677,0.17838542,88,86,1,0,598,45.009113,100.0
45.41797,0.1171875,40,81,1,0,599,45.38737,101.0
45.528645,0.0625,45,69,1,0,600,45.38737,101.0
45.55599,0.04296875,69,81,1,0,601,45.38737,101.0
45.60677,0.055989582,40,76,1,0,602,45.38737,101.0
45.708332,0.063802086,45,69,1,0,603,45.38737,101.0
45.791668,0.05859375,40,75,1,0,604,45.38737,101.0
45.76172,0.096354164,71,86,1,0,605,45.38737,101.0
45.871094,0.041666668,73,75,1,0,606,45.38737,101.0
45.891926,0.54296875,45,62,1,0,607,45.38737,101.0
45.976562,0.45833334,71,65,1,0,608,45.38737,101.0
45.98177,0.453125,40,70,1,0,609,45.38737,101.0
46.04297,0.3919271,73,70,1,0,610,45.38737,101.0
46.070312,0.36458334,45,64,1,0,611,45.38737,101.0
46.114582,0.3203125,71,67,1,0,612,45.38737,101.0
46.1862,0.24869792,73,72,1,0,613,45.38737,101.0
46.139324,0.2955729,40,73,1,0,614,45.38737,101.0
46.2487,0.18619792,44,69,1,0,615,45.38737,101.0
46.233074,0.20182292,71,59,1,0,616,45.38737,101.0
46.377605,0.057291668,69,75,1,0,617,46.292316,102.0
46.351562,0.104166664,40,64,1,0,618,46.292316,102.0
46.43099,0.078125,44,62,1,0,619,46.292316,102.0
46.459637,0.075520836,71,71,1,0,620,46.292316,102.0
46.527344,0.14713542,45,81,1,0,621,46.292316,102.0
46.53776,0.19921875,69,87,1,0,622,46.292316,102.0
46.786457,0.109375,33,75,1,0,623,46.53993,103.0
47.035156,0.10546875,74,60,1,0,624,47.035156,105.0
47.140625,0.07421875,73,62,1,0,625,47.035156,105.0
47.210938,0.063802086,71,66,1,0,626,47.035156,105.0
47.204426,0.14713542,57,52,1,0,627,47.035156,105.0
47.308594,0.065104164,69,62,1,0,628,47.035156,105.0
47.214844,0.16796875,61,44,1,0,629,47.035156,105.0
47.4375,0.19270833,59,45,1,0,630,47.434895,106.0
47.428387,0.21484375,68,64,1,0,631,47.035156,105.0
47.434895,0.26041666,62,42,1,0,632,47.434895,106.0
47.665363,0.080729164,64,53,1,0,633,47.434895,106.0
47.661457,0.16666667,52,51,1,0,634,47.434895,106.0
47.878906,0.09765625,74,59,1,0,635,47.878906,107.0
47.972656,0.09375,73,68,1,0,636,47.878906,107.0
48.0625,0.071614586,71,66,1,0,637,47.878906,107.0
48.145832,0.067708336,69,63,1,0,638,47.878906,107.0
48.05078,0.19270833,57,45,1,0,639,47.878906,107.0
48.0625,0.2109375,61,48,1,0,640,47.878906,107.0
48.317707,0.23828125,56,45,1,0,641,48.317707,108.0
48.29948,0.2669271,75,59,1,0,642,47.878906,107.0
48.554688,0.084635414,76,62,1,0,643,48.317707,108.0
48.576824,0.06640625,52,46,1,0,644,48.317707,108.0
48.32422,0.4231771,59,48,1,0,645,48.317707,108.0
48.76953,0.096354164,74,63,1,0,646,48.76953,109.0
48.864582,0.08203125,73,69,1,0,647,48.76953,109.0
48.942707,0.063802086,71,69,1,0,648,48.76953,109.0
49.033855,0.055989582,69,68,1,0,649,48.76953,109.0
48.941406,0.18489583,61,50,1,0,650,48.76953,109.0
48.95052,0.19661458,57,56,1,0,651,48.76953,109.0
49.170574,0.17838542,62,44,1,0,652,49.161457,110.0
49.161457,0.19010417,59,45,1,0,653,49.161457,110.0
49.152344,0.20572917,68,71,1,0,654,48.76953,109.0
49.39453,0.033854168,64,65,1,0,655,49.161457,110.0
49.395832,0.072916664,52,51,1,0,656,49.161457,110.0
49.59375,0.041666668,78,78,1,0,657,49.59375,111.0
49.8112,0.036458332,66,63,1,0,658,49.59375,111.0
49.815105,0.044270832,54,65,1,0,659,49.59375,111.0
50.010418,0.041666668,74,72,1,0,660,50.010418,112.0
50.21224,0.041666668,62,47,1,0,661,50.010418,112.0
50.221355,0.055989582,50,53,1,0,662,50.010418,112.0
50.429688,0.044270832,71,68,1,0,663,50.429688,113.0
50.647137,0.040364582,59,52,1,0,664,50.429688,113.0
50.647137,0.059895832,47,53,1,0,665,50.429688,113.0
50.848957,0.049479168,68,56,1,0,666,50.848957,114.0
51.053387,0.048177082,56,51,1,0,667,50.848957,114.0
51.052082,0.061197918,44,52,1,0,668,50.848957,114.0
51.26172,0.0390625,69,69,1,0,669,51.26172,115.0
51.47526,0.0390625,57,56,1,0,670,51.26172,115.0
51.479168,0.0625,45,57,1,0,671,51.26172,115.0
51.682293,0.0546875,62,50,1,0,672,51.682293,116.0
51.897137,0.052083332,50,54,1,0,673,51.682293,116.0
51.897137,0.057291668,38,56,1,0,674,51.682293,116.0
52.09375,0.041666668,64,65,1,0,675,52.09375,117.0
52.303387,0.048177082,52,47,1,0,676,52.09375,117.0
52.307293,0.05859375,40,54,1,0,677,52.09375,117.0
52.526043,0.055989582,57,61,1,0,678,52.09375,117.0
52.548176,0.12760417,45,40,1,0,679,52.53711,118.0
52.75651,0.083333336,33,55,1,0,680,52.53711,118.0
52.98828,0.14713542,86,58,1,0,681,52.98828,119.0
53.102863,0.088541664,84,68,1,0,682,52.98828,119.0
53.1875,0.059895832,83,65,1,0,683,52.98828,119.0
53.158855,0.20182292,72,54,1,0,684,52.98828,119.0
53.273438,0.092447914,81,70,1,0,685,52.98828,119.0
53.192707,0.19921875,69,36,1,0,686,52.98828,119.0
53.414062,0.19270833,74,47,1,0,687,53.414062,120.0
53.403645,0.22005208,71,45,1,0,688,52.98828,119.0
53.42448,0.20703125,80,57,1,0,689,53.414062,120.0
53.632812,0.106770836,76,60,1,0,690,53.414062,120.0
53.64323,0.15885417,64,41,1,0,691,53.414062,120.0
53.834637,0.123697914,86,60,1,0,692,53.834637,121.0
53.942707,0.091145836,84,70,1,0,693,53.834637,121.0
54.03125,0.071614586,83,70,1,0,694,53.834637,121.0
53.9987,0.20703125,72,58,1,0,695,53.834637,121.0
54.023438,0.20572917,69,48,1,0,696,53.834637,121.0
54.122395,0.114583336,81,65,1,0,697,53.834637,121.0
54.26953,0.23828125,68,48,1,0,698,54.26823,122.0
54.255207,0.29166666,87,64,1,0,699,53.834637,121.0
54.51953,0.084635414,88,64,1,0,700,54.26823,122.0
54.26823,0.3502604,71,46,1,0,701,54.26823,122.0
54.53125,0.15104167,64,48,1,0,702,54.26823,122.0
54.744793,0.110677086,86,60,1,0,703,54.744793,123.0
54.841145,0.08203125,84,64,1,0,704,54.744793,123.0
54.91927,0.072916664,83,71,1,0,705,54.744793,123.0
55.022137,0.055989582,81,70,1,0,706,54.744793,123.0
54.92578,0.18359375,72,54,1,0,707,54.744793,123.0
54.932293,0.20963542,69,47,1,0,708,54.744793,123.0
55.161457,0.16015625,74,55,1,0,709,55.14453,124.0
55.14453,0.18489583,80,71,1,0,710,55.14453,124.0
55.141926,0.18880208,71,54,1,0,711,54.744793,123.0
55.351562,0.036458332,76,64,1,0,712,55.14453,124.0
55.365887,0.063802086,64,54,1,0,713,55.14453,124.0
55.565105,0.045572918,89,73,1,0,714,55.565105,125.0
55.770832,0.0390625,77,61,1,0,715,55.565105,125.0
55.78255,0.048177082,65,52,1,0,716,55.565105,125.0
55.976562,0.052083332,86,62,1,0,717,55.976562,126.0
56.1875,0.041666668,74,52,1,0,718,55.976562,126.0
56.179688,0.06640625,62,41,1,0,719,55.976562,126.0
56.411457,0.055989582,83,52,1,0,720,56.411457,127.0
56.6263,0.059895832,71,46,1,0,721,56.411457,127.0
56.630207,0.059895832,59,47,1,0,722,56.411457,127.0
56.83724,0.065104164,80,56,1,0,723,56.83724,128.0
57.096355,0.123697914,68,34,1,0,724,56.83724,128.0
57.10677,0.12760417,56,30,1,0,725,56.83724,128.0
58.423176,0.2565104,73,23,1,0,726,58.218098,131.0
58.403645,0.36979166,69,33,1,0,727,58.218098,131.0
58.6862,0.23307292,68,38,1,0,728,58.678387,132.0
58.670574,0.921875,74,43,1,0,729,58.218098,131.0
58.39323,1.1992188,76,41,1,0,730,58.218098,131.0
58.927082,0.66536456,66,47,1,0,731,58.678387,132.0
59.122395,0.4700521,64,50,1,0,732,59.122395,133.0
58.89974,0.6927083,83,68,1,0,733,58.678387,132.0
59.347656,0.24479167,73,44,1,0,734,59.122395,133.0
59.338543,0.25390625,81,58,1,0,735,59.122395,133.0
59.346355,0.27083334,69,42,1,0,736,59.122395,133.0
59.579426,0.1953125,68,48,1,0,737,59.565105,134.0
59.565105,0.40625,74,47,1,0,738,59.565105,134.0
59.776043,0.7604167,66,59,1,0,739,59.565105,134.0
59.78125,0.7552083,83,73,1,0,740,59.565105,134.0
59.989582,0.546875,64,57,1,0,741,59.989582,135.0
59.565105,0.9713542,76,49,1,0,742,59.565105,134.0
60.197918,0.33854166,81,64,1,0,743,59.989582,135.0
60.22005,0.31640625,73,41,1,0,744,59.989582,135.0
60.21875,0.31770834,69,48,1,0,745,59.989582,135.0
60.421875,0.118489586,71,46,1,0,746,59.989582,135.0
60.471355,0.15885417,69,9,1,0,747,60.454426,136.0
60.454426,0.18229167,62,32,1,0,748,60.454426,136.0
60.617188,0.17838542,78,60,1,0,749,60.454426,136.0
60.641926,0.16276042,63,56,1,0,750,60.454426,136.0
60.833332,0.43489584,64,60,1,0,751,60.833332,137.0
60.833332,0.43489584,68,46,1,0,752,60.833332,137.0
61.01953,0.24869792,76,61,1,0,753,60.833332,137.0
61.03776,0.23046875,52,62,1,0,754,60.833332,137.0
60.82422,0.4440104,71,53,1,0,755,60.454426,136.0
61.239582,0.09375,69,43,1,0,756,60.833332,137.0
61.2513,0.08203125,73,58,1,0,757,61.2513,138.0
61.2513,0.16666667,57,59,1,0,758,61.2513,138.0
61.352863,0.087239586,74,68,1,0,759,61.2513,138.0
61.451824,0.106770836,73,55,1,0,760,61.2513,138.0
61.54427,0.45052084,71,64,1,0,761,61.2513,138.0
61.445312,0.5494792,52,55,1,0,762,61.2513,138.0
61.635418,0.359375,69,66,1,0,763,61.2513,138.0
61.65495,0.33984375,49,55,1,0,764,61.645184,139.0
61.89453,0.19270833,57,44,1,0,765,61.645184,139.0
61.897137,0.20182292,61,39,1,0,766,61.645184,139.0
61.85026,0.28125,45,50,1,0,767,61.645184,139.0
62.117188,0.24479167,44,43,1,0,768,62.117188,140.0
62.122395,0.3372396,62,32,1,0,769,62.117188,140.0
62.334637,0.19921875,42,57,1,0,770,62.117188,140.0
61.85026,0.7239583,64,59,1,0,771,61.645184,139.0
62.109375,0.6588542,59,41,1,0,772,61.645184,139.0
62.55599,0.22265625,40,50,1,0,773,62.55599,141.0
62.75651,0.20703125,61,50,1,0,774,62.55599,141.0
62.752605,0.24739583,57,39,1,0,775,62.55599,141.0
62.759113,0.2643229,45,53,1,0,776,62.55599,141.0
62.99349,0.23958333,44,50,1,0,777,62.977863,142.0
63.210938,0.22526042,42,57,1,0,778,62.977863,142.0
62.977863,0.65234375,62,36,1,0,779,62.977863,142.0
62.75,0.90494794,64,52,1,0,780,62.55599,141.0
63.441406,0.2513021,40,42,1,0,781,63.441406,143.0
62.96875,0.80338544,59,36,1,0,782,62.55599,141.0
63.65495,0.23307292,43,45,1,0,783,63.441406,143.0
63.630207,0.2877604,61,48,1,0,784,63.441406,143.0
63.890625,0.20182292,42,46,1,0,785,63.884113,144.0
64.11328,0.17578125,40,48,1,0,786,63.884113,144.0
63.625,0.734375,57,39,1,0,787,63.441406,143.0
63.877605,0.6692708,62,30,1,0,788,63.441406,143.0
64.328125,0.22786458,38,44,1,0,789,64.328125,145.0
64.54818,0.20182292,43,45,1,0,790,64.328125,145.0
64.54557,0.26041666,61,49,1,0,791,64.328125,145.0
64.77865,0.18619792,42,46,1,0,792,64.76823,146.0
64.54818,0.5651042,57,42,1,0,793,64.328125,145.0
64.989586,0.171875,40,46,1,0,794,64.76823,146.0
65.20052,0.19921875,38,40,1,0,795,65.20052,147.0
64.75781,0.66536456,62,27,1,0,796,64.328125,145.0
65.42318,0.18229167,41,47,1,0,797,65.20052,147.0
65.39193,0.23046875,59,46,1,0,798,65.20052,147.0
65.640625,0.16145833,40,47,1,0,799,65.63802,148.0
65.635414,0.20963542,60,52,1,0,800,65.20052,147.0
65.845055,0.51953125,38,44,1,0,801,65.63802,148.0
65.407555,0.95703125,55,56,1,0,802,65.20052,147.0
65.86198,0.5026042,62,40,1,0,803,65.63802,148.0
66.0599,0.3046875,36,66,1,0,804,65.63802,148.0
66.07552,0.2890625,64,55,1,0,805,66.06771,149.0
66.32682,0.1875,53,54,1,0,806,66.06771,149.0
66.30469,0.21614583,59,61,1,0,807,66.06771,149.0
66.52734,0.140625,52,55,1,0,808,66.52213,150.0
66.291664,0.43489584,67,63,1,0,809,66.06771,149.0
66.28646,0.53515625,55,72,1,0,810,66.06771,149.0
66.51693,0.30859375,60,50,1,0,811,66.06771,149.0
66.71094,0.56380206,50,54,1,0,812,66.52213,150.0
66.71875,0.55598956,62,49,1,0,813,66.52213,150.0
66.9401,0.3346354,64,58,1,0,814,66.52213,150.0
66.96224,0.3125,48,56,1,0,815,66.95117,151.0
67.16927,0.2265625,59,62,1,0,816,66.95117,151.0
67.15234,0.27734375,77,77,1,0,817,66.95117,151.0
67.40234,0.17578125,60,50,1,0,818,67.39258,152.0
67.15234,0.98307294,67,78,1,0,819,66.95117,151.0
67.38281,0.7526042,76,66,1,0,820,66.95117,151.0
67.595055,0.54036456,62,44,1,0,821,67.39258,152.0
67.58724,0.54817706,74,66,1,0,822,67.39258,152.0
67.802086,0.33333334,72,68,1,0,823,67.39258,152.0
67.80469,0.33072916,64,64,1,0,824,67.80338,153.0
68.02213,0.23828125,71,65,1,0,825,67.80338,153.0
68.03646,0.22526042,65,51,1,0,826,67.80338,153.0
68.27213,0.14322917,64,47,1,0,827,68.25781,154.0
68.24349,0.21484375,72,51,1,0,828,67.80338,153.0
68.00521,0.9921875,79,80,1,0,829,67.80338,153.0
68.46224,0.53515625,62,38,1,0,830,68.25781,154.0
68.02604,0.9713542,67,59,1,0,831,67.80338,153.0
68.45703,0.54036456,74,58,1,0,832,68.25781,154.0
68.65365,0.34375,60,59,1,0,833,68.25781,154.0
68.65885,0.33854166,76,57,1,0,834,68.65625,155.0
68.876305,0.2109375,61,59,1,0,835,68.65625,155.0
68.89713,0.203125,43,59,1,0,836,68.65625,155.0
69.11068,0.1640625,41,64,1,0,837,68.65625,155.0
69.11979,0.18229167,62,41,1,0,838,69.115234,156.0
69.3099,0.48958334,40,59,1,0,839,69.115234,156.0
68.88151,0.91796875,57,58,1,0,840,68.65625,155.0
69.30729,0.4921875,64,63,1,0,841,69.115234,156.0
69.520836,0.27864584,38,60,1,0,842,69.115234,156.0
68.885414,0.9140625,45,65,1,0,843,68.65625,155.0
69.529945,0.26953125,65,58,1,0,844,69.52539,157.0
69.75781,0.19401042,61,61,1,0,845,69.52539,157.0
69.76302,0.23177083,55,65,1,0,846,69.52539,157.0
70.00912,0.12890625,53,49,1,0,847,69.99219,158.0
69.97526,0.19791667,62,49,1,0,848,69.52539,157.0
70.18099,0.51953125,52,58,1,0,849,69.99219,158.0
69.739586,0.9609375,69,69,1,0,850,69.52539,157.0
70.186195,0.51432294,64,52,1,0,851,69.99219,158.0
70.38932,0.3111979,50,64,1,0,852,69.99219,158.0
70.39844,0.30208334,65,56,1,0,853,70.39388,159.0
69.74088,0.95963544,57,75,1,0,854,69.52539,157.0
70.65625,0.21875,61,57,1,0,855,70.39388,159.0
70.61588,0.3125,79,80,1,0,856,70.39388,159.0
70.84635,0.2109375,62,54,1,0,857,70.39388,159.0
70.626305,0.4388021,69,72,1,0,858,70.39388,159.0
70.85287,0.2565104,77,69,1,0,859,70.84961,160.0
71.061195,0.55598956,64,61,1,0,860,70.84961,160.0
71.05729,0.5598958,76,71,1,0,861,70.84961,160.0
71.25781,0.359375,65,67,1,0,862,70.84961,160.0
71.26432,0.3528646,74,72,1,0,863,71.26107,161.0
71.5,0.21744792,73,73,1,0,864,71.26107,161.0
71.49219,0.26171875,67,64,1,0,865,71.26107,161.0
71.7526,0.15755208,65,61,1,0,866,71.74154,162.0
71.73047,0.19791667,74,65,1,0,867,71.26107,161.0
71.48047,0.95963544,81,82,1,0,868,71.26107,161.0
71.48828,0.95182294,69,65,1,0,869,71.26107,161.0
71.9401,0.5,76,58,1,0,870,71.74154,162.0
71.94141,0.4986979,64,62,1,0,871,71.74154,162.0
72.13021,0.30989584,77,69,1,0,872,71.74154,162.0
72.13412,0.3059896,62,59,1,0,873,72.132164,163.0
72.376305,0.19921875,51,65,1,0,874,72.132164,163.0
72.36068,0.22395833,57,73,1,0,875,72.132164,163.0
72.57031,0.17708333,50,62,1,0,876,72.132164,163.0
72.35807,0.4596354,65,72,1,0,877,72.132164,163.0
72.57943,0.24088542,58,59,1,0,878,72.57487,164.0
72.770836,0.5,48,65,1,0,879,72.57487,164.0
72.770836,0.5,60,57,1,0,880,72.57487,164.0
72.35807,0.91276044,53,68,1,0,881,72.132164,163.0
72.97787,0.29296875,46,67,1,0,882,72.57487,164.0
72.98698,0.28385416,62,59,1,0,883,72.98242,165.0
73.217445,0.19010417,63,72,1,0,884,72.98242,165.0
73.208336,0.234375,69,78,1,0,885,72.98242,165.0
73.421875,0.18229167,62,62,1,0,886,72.98242,165.0
73.20052,0.46875,77,81,1,0,887,72.98242,165.0
73.42838,0.26953125,70,70,1,0,888,73.42513,166.0
73.623695,0.484375,72,69,1,0,889,73.42513,166.0
73.62109,0.48697916,60,65,1,0,890,73.42513,166.0
73.19662,0.9114583,65,81,1,0,891,72.98242,165.0
73.842445,0.265625,74,67,1,0,892,73.833984,167.0
73.82552,0.2825521,58,71,1,0,893,73.42513,166.0
74.06641,0.25520834,75,78,1,0,894,73.833984,167.0
74.04557,0.2890625,81,87,1,0,895,73.833984,167.0
74.27474,0.3984375,82,83,1,0,896,74.27474,168.0
74.27474,0.3984375,74,74,1,0,897,74.27474,168.0
74.49219,0.1953125,72,71,1,0,898,74.27474,168.0
74.05859,0.640625,77,76,1,0,899,73.833984,167.0
74.484375,0.2265625,84,77,1,0,900,74.27474,168.0
74.6875,0.076822914,70,62,1,0,901,74.27474,168.0
74.69922,0.0703125,82,64,1,0,902,74.69271,169.0
74.89974,0.049479168,69,57,1,0,903,74.69271,169.0
74.89844,0.075520836,81,74,1,0,904,74.69271,169.0
75.10547,0.03125,68,69,1,0,905,75.104164,170.0
75.10287,0.046875,80,62,1,0,906,74.69271,169.0
74.69271,0.609375,86,71,1,0,907,74.69271,169.0
75.32422,0.0390625,66,68,1,0,908,75.104164,170.0
75.30469,0.083333336,78,76,1,0,909,75.104164,170.0
75.53906,0.040364582,64,68,1,0,910,75.53646,171.0
75.53646,0.04296875,76,67,1,0,911,75.53646,171.0
75.53646,0.31510416,80,69,1,0,912,75.53646,171.0
75.520836,0.33072916,83,77,1,0,913,75.104164,170.0
75.72787,0.123697914,62,57,1,0,914,75.53646,171.0
75.734375,0.1171875,74,73,1,0,915,75.53646,171.0
75.96484,0.048177082,73,61,1,0,916,75.95052,172.0
75.97526,0.052083332,61,49,1,0,917,75.95052,172.0
76.15885,0.036458332,71,67,1,0,918,75.95052,172.0
76.16016,0.041666668,59,64,1,0,919,75.95052,172.0
75.94141,0.484375,88,81,1,0,920,75.53646,171.0
76.39193,0.0390625,69,66,1,0,921,76.38932,173.0
76.38672,0.05078125,57,68,1,0,922,75.95052,172.0
75.947914,0.4934896,81,59,1,0,923,75.53646,171.0
75.947914,0.5104167,85,64,1,0,924,75.53646,171.0
75.953125,0.5598958,76,66,1,0,925,75.95052,172.0
76.58594,0.036458332,68,77,1,0,926,76.38932,173.0
76.58463,0.065104164,56,77,1,0,927,76.38932,173.0
76.796875,0.044270832,66,72,1,0,928,76.79427,174.0
76.802086,0.045572918,54,71,1,0,929,76.79427,174.0
77.00521,0.036458332,64,75,1,0,930,76.79427,174.0
77.01172,0.041666668,52,68,1,0,931,76.79427,174.0
76.79297,0.46875,69,79,1,0,932,76.38932,173.0
77.217445,0.048177082,62,68,1,0,933,77.217445,175.0
77.217445,0.05078125,50,68,1,0,934,77.217445,175.0
76.79297,0.4986979,73,74,1,0,935,76.38932,173.0
76.78516,0.51432294,81,88,1,0,936,76.38932,173.0
76.79557,0.5364583,78,65,1,0,937,76.79427,174.0
77.44141,0.041666668,61,66,1,0,938,77.217445,175.0
77.4349,0.1015625,49,78,1,0,939,77.217445,175.0
77.65234,0.048177082,59,79,1,0,940,77.649086,176.0
77.65365,0.055989582,47,75,1,0,941,77.649086,176.0
77.85807,0.049479168,45,73,1,0,942,77.649086,176.0
77.854164,0.055989582,57,83,1,0,943,77.649086,176.0
77.64713,0.44270834,86,91,1,0,944,77.217445,175.0
77.63932,0.4752604,83,74,1,0,945,77.217445,175.0
78.07031,0.046875,56,89,1,0,946,77.649086,176.0
77.64844,0.4856771,78,76,1,0,947,77.217445,175.0
78.07422,0.075520836,44,86,1,0,948,78.072266,177.0
77.64974,0.51171875,74,92,1,0,949,77.649086,176.0
78.28516,0.052083332,42,82,1,0,950,78.072266,177.0
78.27734,0.071614586,54,90,1,0,951,78.072266,177.0
78.50781,0.055989582,40,77,1,0,952,78.49349,178.0
78.50651,0.06640625,52,91,1,0,953,78.49349,178.0
78.71354,0.045572918,38,79,1,0,954,78.49349,178.0
78.70963,0.053385418,50,83,1,0,955,78.49349,178.0
78.49349,0.48828125,59,91,1,0,956,78.49349,178.0
78.93229,0.063802086,49,85,1,0,957,78.49349,178.0
78.94141,0.069010414,37,78,1,0,958,78.93685,179.0
78.49219,0.5208333,64,80,1,0,959,78.072266,177.0
78.49219,0.54817706,71,87,1,0,960,78.072266,177.0
78.49349,0.54817706,68,78,1,0,961,78.49349,178.0
79.13412,0.059895832,47,82,1,0,962,78.93685,179.0
79.13932,0.055989582,35,75,1,0,963,78.93685,179.0
79.38412,0.34895834,33,76,1,0,964,78.93685,179.0
79.38281,0.3502604,45,83,1,0,965,78.93685,179.0
79.60807,0.125,35,82,1,0,966,79.384766,180.0
79.604164,0.12890625,47,92,1,0,967,79.384766,180.0
79.385414,0.34765625,76,93,1,0,968,79.384766,180.0
79.385414,0.34765625,69,81,1,0,969,79.384766,180.0
79.385414,0.34765625,73,83,1,0,970,79.384766,180.0
79.38412,0.43489584,64,97,1,0,971,78.93685,179.0
79.81641,0.045572918,49,88,1,0,972,79.384766,180.0
79.828125,0.046875,37,75,1,0,973,79.822266,181.0
80.01693,0.38020834,38,81,1,0,974,79.822266,181.0
80.01693,0.38020834,50,82,1,0,975,79.822266,181.0
80.02474,0.37239584,74,93,1,0,976,79.822266,181.0
80.020836,0.3763021,71,74,1,0,977,79.822266,181.0
80.02474,0.37239584,62,84,1,0,978,79.822266,181.0
80.02344,0.3736979,66,85,1,0,979,79.822266,181.0
80.24088,0.15625,52,92,1,0,980,79.822266,181.0
80.24609,0.15104167,40,85,1,0,981,80.24349,182.0
80.458336,0.15364583,69,76,1,0,982,80.24349,182.0
80.47135,0.14192708,73,96,1,0,983,80.24349,182.0
80.470055,0.14713542,64,86,1,0,984,80.24349,182.0
80.47135,0.3997396,61,94,1,0,985,80.24349,182.0
80.666664,0.20442708,52,96,1,0,986,80.24349,182.0
80.67448,0.19661458,40,85,1,0,987,80.67057,183.0
80.86849,0.040364582,59,84,1,0,988,80.67057,183.0
80.86979,0.052083332,62,61,1,0,989,80.67057,183.0
80.89713,0.044270832,64,63,1,0,990,80.67057,183.0
80.86068,0.1015625,68,86,1,0,991,80.67057,183.0
81.123695,0.3528646,31,52,1,0,992,81.10677,184.0
81.11588,0.3606771,33,65,1,0,993,81.10677,184.0
81.10677,0.36979166,57,85,1,0,994,81.10677,184.0
81.10026,0.3763021,69,88,1,0,995,80.67057,183.0
81.10677,0.36979166,61,79,1,0,996,81.10677,184.0
81.10287,0.3736979,64,68,1,0,997,80.67057,183.0
81.19141,0.28515625,45,66,1,0,998,81.10677,184.0
81.33463,0.14192708,44,65,1,0,999,81.10677,184.0
81.44922,0.06640625,45,63,1,0,1000,81.10677,184.0
81.561195,0.052083332,44,58,1,0,1001,81.561195,185.0
81.66927,0.22265625,45,52,1,0,1002,81.561195,185.0
81.729164,0.16276042,81,82,1,0,1003,81.561195,185.0
81.729164,0.16276042,69,78,1,0,1004,81.561195,185.0
81.7474,0.14453125,44,58,1,0,1005,81.561195,185.0
81.854164,0.0390625,45,59,1,0,1006,81.561195,185.0
81.936195,0.029947916,79,78,1,0,1007,81.561195,185.0
81.9375,0.032552082,67,76,1,0,1008,81.9375,186.0
81.9401,0.053385418,35,66,1,0,1009,81.9375,186.0
82.02734,0.071614586,45,49,1,0,1010,81.9375,186.0
82.126305,0.026041666,64,65,1,0,1011,81.9375,186.0
82.1224,0.041666668,76,75,1,0,1012,81.9375,186.0
82.1224,0.057291668,44,60,1,0,1013,81.9375,186.0
82.23177,0.052083332,45,62,1,0,1014,81.9375,186.0
82.32943,0.032552082,81,79,1,0,1015,81.9375,186.0
82.33463,0.032552082,69,73,1,0,1016,82.33463,187.0
82.35287,0.053385418,37,67,1,0,1017,82.33463,187.0
82.44401,0.052083332,45,59,1,0,1018,82.33463,187.0
82.529945,0.03515625,79,81,1,0,1019,82.33463,187.0
82.53385,0.032552082,67,77,1,0,1020,82.33463,187.0
82.54037,0.061197918,44,65,1,0,1021,82.33463,187.0
82.63802,0.045572918,45,55,1,0,1022,82.33463,187.0
82.72266,0.045572918,78,75,1,0,1023,82.33463,187.0
82.73568,0.036458332,66,69,1,0,1024,82.72656,188.0
82.72656,0.0703125,38,62,1,0,1025,82.72656,188.0
82.83203,0.05078125,45,53,1,0,1026,82.72656,188.0
82.91927,0.03515625,76,76,1,0,1027,82.72656,188.0
82.92838,0.032552082,64,70,1,0,1028,82.72656,188.0
82.927086,0.05078125,44,60,1,0,1029,82.72656,188.0
83.010414,0.0546875,45,57,1,0,1030,82.72656,188.0
83.1224,0.03125,74,78,1,0,1031,83.1224,189.0
83.126305,0.03515625,62,61,1,0,1032,83.1224,189.0
83.11198,0.069010414,40,62,1,0,1033,82.72656,188.0
83.20573,0.0625,45,55,1,0,1034,83.1224,189.0
83.322914,0.037760418,73,73,1,0,1035,83.1224,189.0
83.33073,0.03125,61,65,1,0,1036,83.1224,189.0
83.30859,0.072916664,44,60,1,0,1037,83.1224,189.0
83.41797,0.0546875,45,60,1,0,1038,83.1224,189.0
83.53125,0.033854168,74,73,1,0,1039,83.53125,190.0
83.532555,0.0390625,62,59,1,0,1040,83.53125,190.0
83.51823,0.087239586,42,65,1,0,1041,83.1224,189.0
83.63151,0.0546875,45,59,1,0,1042,83.53125,190.0
83.739586,0.03125,59,56,1,0,1043,83.53125,190.0
83.73307,0.037760418,71,72,1,0,1044,83.53125,190.0
83.729164,0.0703125,44,59,1,0,1045,83.53125,190.0
83.83073,0.0546875,45,60,1,0,1046,83.53125,190.0
83.92838,0.03125,76,74,1,0,1047,83.53125,190.0
83.94141,0.026041666,64,59,1,0,1048,83.936195,191.0
83.936195,0.048177082,44,57,1,0,1049,83.936195,191.0
84.02604,0.040364582,45,58,1,0,1050,83.936195,191.0
84.104164,0.049479168,44,63,1,0,1051,83.936195,191.0
84.12891,0.03125,74,76,1,0,1052,83.936195,191.0
84.13151,0.037760418,62,61,1,0,1053,83.936195,191.0
84.18099,0.052083332,45,69,1,0,1054,83.936195,191.0
84.29037,0.44270834,33,82,1,0,1055,83.936195,191.0
84.33984,0.39322916,61,75,1,0,1056,84.33073,192.0
84.33073,0.40234375,73,87,1,0,1057,84.33073,192.0
84.447914,0.28515625,69,61,1,0,1058,84.33073,192.0
84.546875,0.18619792,68,68,1,0,1059,84.33073,192.0
84.65885,0.07421875,69,64,1,0,1060,84.33073,192.0
84.7526,0.09765625,71,65,1,0,1061,84.7526,193.0
84.86588,0.0390625,69,55,1,0,1062,84.7526,193.0
84.93229,0.092447914,68,63,1,0,1063,84.7526,193.0
85.01693,0.067708336,69,64,1,0,1064,84.7526,193.0
84.9349,0.21875,57,78,1,0,1065,84.7526,193.0
85.14974,0.05859375,59,62,1,0,1066,85.14388,194.0
85.13802,0.07421875,55,81,1,0,1067,84.7526,193.0
85.2474,0.108072914,71,59,1,0,1068,85.14388,194.0
85.33984,0.0703125,52,76,1,0,1069,85.14388,194.0
85.36328,0.091145836,70,68,1,0,1070,85.14388,194.0
85.47135,0.063802086,71,50,1,0,1071,85.14388,194.0
85.53906,0.052083332,57,79,1,0,1072,85.14388,194.0
85.55599,0.07421875,61,55,1,0,1073,85.54752,195.0
85.66406,0.0703125,73,57,1,0,1074,85.54752,195.0
85.74219,0.057291668,55,81,1,0,1075,85.54752,195.0
85.76953,0.071614586,72,54,1,0,1076,85.54752,195.0
85.86068,0.057291668,73,66,1,0,1077,85.54752,195.0
85.95703,0.0546875,62,59,1,0,1078,85.95508,196.0
85.953125,0.067708336,54,77,1,0,1079,85.54752,195.0
86.0599,0.091145836,74,62,1,0,1080,85.95508,196.0
86.145836,0.049479168,52,83,1,0,1081,85.95508,196.0
86.166664,0.109375,73,71,1,0,1082,85.95508,196.0
86.260414,0.072916664,74,64,1,0,1083,85.95508,196.0
86.35287,0.069010414,50,80,1,0,1084,85.95508,196.0
86.36719,0.0625,64,72,1,0,1085,86.36002,197.0
86.470055,0.075520836,76,66,1,0,1086,86.36002,197.0
86.55599,0.080729164,49,80,1,0,1087,86.36002,197.0
86.55859,0.114583336,75,69,1,0,1088,86.36002,197.0
86.66016,0.063802086,76,69,1,0,1089,86.36002,197.0
86.75781,0.065104164,50,84,1,0,1090,86.36002,197.0
86.76302,0.080729164,66,72,1,0,1091,86.760414,198.0
86.859375,0.071614586,78,64,1,0,1092,86.760414,198.0
86.947914,0.098958336,47,82,1,0,1093,86.760414,198.0
86.95182,0.118489586,77,69,1,0,1094,86.760414,198.0
87.063805,0.046875,78,71,1,0,1095,86.760414,198.0
87.15885,0.055989582,52,79,1,0,1096,87.15039,199.0
87.14193,0.084635414,68,69,1,0,1097,86.760414,198.0
87.23828,0.084635414,80,70,1,0,1098,87.15039,199.0
84.33724,2.9960938,45,81,1,0,1099,84.33073,192.0
87.33984,0.029947916,50,76,1,0,1100,87.15039,199.0
87.34115,0.110677086,79,68,1,0,1101,87.15039,199.0
87.45182,0.072916664,80,74,1,0,1102,87.15039,199.0
87.55859,0.06640625,69,69,1,0,1103,87.55143,200.0
87.66797,0.061197918,81,70,1,0,1104,87.55143,200.0
87.76172,0.7916667,80,66,1,0,1105,87.55143,200.0
87.86328,0.6901042,81,71,1,0,1106,87.55143,200.0
87.967445,0.5859375,83,69,1,0,1107,87.967445,201.0
88.05859,0.49479166,81,68,1,0,1108,87.967445,201.0
88.15365,0.3997396,80,74,1,0,1109,87.967445,201.0
88.26823,0.28515625,81,68,1,0,1110,87.967445,201.0
88.15365,0.3997396,45,79,1,0,1111,87.967445,201.0
88.38932,0.1640625,71,69,1,0,1112,88.38802,202.0
88.38672,0.16666667,43,85,1,0,1113,87.967445,201.0
88.48828,0.087239586,83,69,1,0,1114,88.38802,202.0
88.58463,0.0625,40,82,1,0,1115,88.38802,202.0
88.58203,0.1171875,82,71,1,0,1116,88.38802,202.0
88.688805,0.06640625,83,68,1,0,1117,88.38802,202.0
88.782555,0.048177082,45,89,1,0,1118,88.38802,202.0
88.78646,0.0859375,73,76,1,0,1119,88.78451,203.0
88.88932,0.06640625,85,68,1,0,1120,88.78451,203.0
88.98698,0.061197918,43,92,1,0,1121,88.78451,203.0
88.97396,0.092447914,84,62,1,0,1122,88.78451,203.0
89.07422,0.087239586,85,74,1,0,1123,88.78451,203.0
89.186195,0.092447914,42,88,1,0,1124,88.78451,203.0
89.188805,0.100260414,74,79,1,0,1125,89.1875,204.0
89.29427,0.109375,86,72,1,0,1126,89.1875,204.0
89.390625,0.079427086,40,91,1,0,1127,89.1875,204.0
89.40885,0.110677086,85,73,1,0,1128,89.1875,204.0
89.51693,0.059895832,86,71,1,0,1129,89.1875,204.0
89.59635,0.07421875,38,88,1,0,1130,89.1875,204.0
89.60026,0.096354164,76,84,1,0,1131,89.598305,205.0
89.72135,0.083333336,88,78,1,0,1132,89.598305,205.0
89.802086,0.083333336,37,90,1,0,1133,89.598305,205.0
89.80859,0.109375,87,74,1,0,1134,89.598305,205.0
89.916664,0.07421875,88,80,1,0,1135,89.598305,205.0
89.99479,0.078125,38,91,1,0,1136,89.598305,205.0
90.00651,0.110677086,78,87,1,0,1137,90.00065,206.0
90.11719,0.091145836,88,77,1,0,1138,90.00065,206.0
90.18229,0.122395836,35,84,1,0,1139,90.00065,206.0
90.21224,0.123697914,87,74,1,0,1140,90.00065,206.0
90.328125,0.08203125,88,82,1,0,1141,90.00065,206.0
90.39453,0.061197918,40,92,1,0,1142,90.00065,206.0
90.40365,0.12630208,80,90,1,0,1143,90.399086,207.0
90.52344,0.080729164,88,81,1,0,1144,90.399086,207.0
90.60156,0.05859375,38,87,1,0,1145,90.399086,207.0
90.61068,0.108072914,87,75,1,0,1146,90.399086,207.0
90.72135,0.111979164,88,77,1,0,1147,90.399086,207.0
87.54427,3.3971355,33,94,1,0,1148,87.15039,199.0
90.85677,0.36979166,37,68,1,0,1149,90.84635,208.0
90.83594,0.390625,81,80,1,0,1150,90.399086,207.0
91.604164,0.56640625,76,52,1,0,1151,90.84635,208.0
91.61979,0.609375,64,43,1,0,1152,91.61198,209.0
92.072914,0.5677083,78,58,1,0,1153,91.61198,209.0
92.083336,0.61848956,66,46,1,0,1154,92.078125,210.0
92.52213,0.5364583,71,44,1,0,1155,92.078125,210.0
92.53516,0.58203125,59,44,1,0,1156,92.52865,211.0
92.98698,0.5364583,76,48,1,0,1157,92.52865,211.0
92.99609,0.54036456,64,41,1,0,1158,92.99154,212.0
93.44531,0.45572916,54,41,1,0,1159,93.4349,213.0
93.42318,0.515625,70,50,1,0,1160,92.99154,212.0
93.44922,0.5416667,61,34,1,0,1161,93.4349,213.0
93.88672,0.38802084,74,50,1,0,1162,93.4349,213.0
93.42448,1.0572916,66,43,1,0,1163,92.99154,212.0
93.89453,0.59765625,50,39,1,0,1164,93.89453,214.0
93.89453,0.5989583,59,42,1,0,1165,93.89453,214.0
94.33073,0.546875,62,30,1,0,1166,93.89453,214.0
94.36328,0.5390625,52,37,1,0,1167,94.33984,215.0
94.33984,0.5729167,68,48,1,0,1168,94.33984,215.0
94.80859,0.3372396,69,42,1,0,1169,94.33984,215.0
94.83073,0.609375,61,30,1,0,1170,94.83073,216.0
94.83073,0.62369794,45,38,1,0,1171,94.83073,216.0
94.833336,0.6354167,57,30,1,0,1172,94.83073,216.0
95.328125,0.58723956,65,48,1,0,1173,94.83073,216.0
95.35807,0.60026044,53,40,1,0,1174,95.3431,217.0
95.779945,0.5052083,66,58,1,0,1175,95.3431,217.0
95.811195,0.59244794,54,46,1,0,1176,95.79557,218.0
96.22787,0.5182292,59,50,1,0,1177,95.79557,218.0
96.24609,0.56119794,47,47,1,0,1178,96.23698,219.0
96.69401,0.5651042,52,38,1,0,1179,96.682945,220.0
96.671875,0.58723956,64,48,1,0,1180,96.23698,219.0
97.17578,0.4388021,42,34,1,0,1181,97.146484,221.0
97.12891,0.53515625,58,46,1,0,1182,96.682945,220.0
97.14844,0.578125,49,29,1,0,1183,97.146484,221.0
97.58724,0.4700521,62,36,1,0,1184,97.146484,221.0
97.61588,0.60807294,38,41,1,0,1185,97.61588,222.0
97.14453,1.0794271,54,30,1,0,1186,96.682945,220.0
98.072914,0.72005206,56,41,1,0,1187,97.61588,222.0
97.635414,1.1848959,47,30,1,0,1188,97.61588,222.0
98.07943,0.7421875,50,26,1,0,1189,98.07943,223.0
98.095055,0.7578125,40,41,1,0,1190,98.07943,223.0
98.63412,0.9869792,49,32,1,0,1191,98.07943,223.0
98.645836,0.97526044,57,40,1,0,1192,98.645836,224.0
99.35807,0.26302084,45,52,1,0,1193,99.11914,225.0
99.592445,0.26041666,44,47,1,0,1194,99.592445,226.0
99.81901,0.20703125,42,47,1,0,1195,99.592445,226.0
100.041664,0.19140625,40,39,1,0,1196,100.041664,227.0
98.657555,1.609375,33,42,1,0,1197,98.645836,224.0
100.24609,0.2877604,88,65,1,0,1198,100.041664,227.0
100.25651,0.2877604,76,45,1,0,1199,100.041664,227.0
100.49088,0.6432292,85,64,1,0,1200,100.041664,227.0
100.71094,0.4231771,74,47,1,0,1201,100.49414,228.0
100.69922,0.43489584,83,59,1,0,1202,100.49414,228.0
100.91276,0.22135417,81,53,1,0,1203,100.49414,228.0
100.93099,0.203125,73,50,1,0,1204,100.921875,229.0
101.1276,0.2799479,45,49,1,0,1205,100.921875,229.0
101.36328,0.26953125,44,54,1,0,1206,101.36328,230.0
101.57552,0.22265625,42,54,1,0,1207,101.36328,230.0
101.79948,0.4127604,40,43,1,0,1208,101.79948,231.0
100.4974,1.7148438,33,44,1,0,1209,100.49414,228.0
102.0026,0.20963542,74,58,1,0,1210,101.79948,231.0
102.00521,0.24609375,76,58,1,0,1211,101.79948,231.0
102.24609,0.1015625,73,57,1,0,1212,102.234375,232.0
102.234375,0.24088542,81,64,1,0,1213,102.234375,232.0
102.4349,0.4622396,74,58,1,0,1214,102.234375,232.0
102.4401,0.45703125,83,66,1,0,1215,102.234375,232.0
102.67969,0.22135417,85,54,1,0,1216,102.67838,233.0
102.677086,0.2565104,76,42,1,0,1217,102.234375,232.0
102.86198,0.23697917,45,50,1,0,1218,102.67838,233.0
103.072914,0.2747396,44,58,1,0,1219,103.072914,234.0
103.279945,0.22786458,42,45,1,0,1220,103.072914,234.0
102.229164,1.5481771,33,50,1,0,1221,101.79948,231.0
103.53776,0.296875,40,39,1,0,1222,103.53776,235.0
103.739586,0.79817706,76,61,1,0,1223,103.53776,235.0
103.75391,0.7838542,64,42,1,0,1224,103.53776,235.0
103.98307,0.5546875,73,59,1,0,1225,103.53776,235.0
104.19922,0.33854166,62,45,1,0,1226,103.995445,236.0
104.19531,0.3424479,71,60,1,0,1227,103.995445,236.0
104.42578,0.23046875,69,51,1,0,1228,103.995445,236.0
104.42969,0.2981771,61,48,1,0,1229,104.427734,237.0
104.61979,0.2591146,45,50,1,0,1230,104.427734,237.0
104.85156,0.24609375,43,52,1,0,1231,104.85156,238.0
105.07943,0.24739583,42,46,1,0,1232,104.85156,238.0
105.302086,0.28515625,40,39,1,0,1233,105.302086,239.0
104.00781,1.6041666,33,32,1,0,1234,103.995445,236.0
105.5026,0.2825521,57,50,1,0,1235,105.302086,239.0
105.73047,0.22916667,55,59,1,0,1236,105.73047,240.0
105.93229,0.2591146,54,55,1,0,1237,105.73047,240.0
106.15885,0.2591146,52,48,1,0,1238,106.15885,241.0
106.37109,0.265625,69,55,1,0,1239,106.15885,241.0
106.59635,0.24739583,67,56,1,0,1240,106.59635,242.0
106.80078,0.2721354,66,53,1,0,1241,106.59635,242.0
107.03125,0.3190104,64,39,1,0,1242,107.03125,243.0
107.20963,0.26953125,81,54,1,0,1243,107.03125,243.0
107.43229,0.23567708,79,59,1,0,1244,107.43229,244.0
107.64193,0.33203125,78,56,1,0,1245,107.43229,244.0
107.89974,0.41145834,76,42,1,0,1246,107.89974,245.0
109.154945,0.4466146,81,33,1,0,1247,108.95616,247.0
109.484375,0.3125,79,34,1,0,1248,109.484375,248.0
109.717445,0.2799479,77,45,1,0,1249,109.484375,248.0
109.93099,0.3372396,76,46,1,0,1250,109.93099,249.0
110.145836,0.27604166,69,49,1,0,1251,109.93099,249.0
110.36849,0.24869792,67,52,1,0,1252,110.36849,250.0
110.578125,0.28645834,65,46,1,0,1253,110.36849,250.0
110.77213,0.22005208,64,53,1,0,1254,110.77213,251.0
110.98828,0.30729166,57,55,1,0,1255,110.77213,251.0
111.21615,0.23828125,55,54,1,0,1256,111.21615,252.0
111.42057,0.234375,53,47,1,0,1257,111.21615,252.0
111.645836,0.23958333,52,41,1,0,1258,111.645836,253.0
111.83594,0.26302084,45,40,1,0,1259,111.645836,253.0
112.08203,0.20963542,43,42,1,0,1260,112.08203,254.0
112.29818,0.1875,41,46,1,0,1261,112.08203,254.0
112.53906,0.07421875,40,39,1,0,1262,112.53906,255.0
112.751305,0.18359375,50,31,1,0,1263,112.53906,255.0
112.77213,0.16536458,38,37,1,0,1264,112.53906,255.0
112.729164,0.21744792,62,45,1,0,1265,112.53906,255.0
112.94662,0.046875,61,58,1,0,1266,112.53906,255.0
112.970055,0.040364582,37,44,1,0,1267,112.958336,256.0
113.157555,0.044270832,35,49,1,0,1268,112.958336,256.0
113.166664,0.040364582,59,54,1,0,1269,112.958336,256.0
113.37891,0.045572918,57,47,1,0,1270,113.3776,257.0
113.376305,0.0546875,33,54,1,0,1271,112.958336,256.0
113.58203,0.041666668,37,48,1,0,1272,113.3776,257.0
113.57682,0.052083332,61,57,1,0,1273,113.3776,257.0
113.78385,0.048177082,62,56,1,0,1274,113.3776,257.0
113.802086,0.044270832,38,45,1,0,1275,113.79297,258.0
113.989586,0.037760418,65,65,1,0,1276,113.79297,258.0
113.99219,0.0390625,41,61,1,0,1277,113.79297,258.0
114.1849,0.037760418,69,74,1,0,1278,113.79297,258.0
114.1901,0.040364582,33,56,1,0,1279,113.79297,258.0
114.20052,0.036458332,45,48,1,0,1280,114.19531,259.0
114.21354,0.046875,57,35,1,0,1281,114.19531,259.0
114.40365,0.037760418,73,68,1,0,1282,114.19531,259.0
114.41016,0.037760418,49,66,1,0,1283,114.19531,259.0
114.41146,0.041666668,37,58,1,0,1284,114.19531,259.0
114.42969,0.033854168,61,46,1,0,1285,114.19531,259.0
114.61328,0.033854168,50,66,1,0,1286,114.61198,260.0
114.61068,0.036458332,62,60,1,0,1287,114.19531,259.0
114.60677,0.044270832,74,77,1,0,1288,114.19531,259.0
114.6224,0.041666668,38,62,1,0,1289,114.61198,260.0
114.82943,0.03515625,52,80,1,0,1290,114.61198,260.0
114.828125,0.037760418,64,83,1,0,1291,114.61198,260.0
114.83463,0.04296875,40,74,1,0,1292,114.61198,260.0
114.82552,0.0625,76,87,1,0,1293,114.61198,260.0
115.04948,0.046875,53,87,1,0,1294,115.04948,261.0
115.04948,0.049479168,65,88,1,0,1295,115.04948,261.0
115.046875,0.0546875,41,82,1,0,1296,114.61198,260.0
115.04948,0.055989582,77,93,1,0,1297,115.04948,261.0
115.28776,0.063802086,55,94,1,0,1298,115.04948,261.0
115.28776,0.063802086,67,95,1,0,1299,115.04948,261.0
115.28776,0.079427086,43,90,1,0,1300,115.04948,261.0
115.28385,0.095052086,79,97,1,0,1301,115.04948,261.0
115.68359,2.1627605,45,84,1,0,1302,115.68099,262.0
115.68359,2.1627605,57,95,1,0,1303,115.68099,262.0
115.67578,2.170573,81,95,1,0,1304,115.04948,261.0
115.67838,2.1679688,69,93,1,0,1305,115.04948,261.0
117.83463,0.7942708,46,77,1,0,1306,117.83463,264.0
117.833336,0.79557294,82,94,1,0,1307,116.75781,263.0
117.83463,0.7942708,74,84,1,0,1308,117.83463,264.0
117.93359,0.6953125,58,76,1,0,1309,117.83463,264.0
117.833336,0.79557294,77,89,1,0,1310,116.75781,263.0
117.83594,0.79296875,70,90,1,0,1311,117.83463,264.0
118.07422,0.5546875,46,66,1,0,1312,117.83463,264.0
118.18359,0.4453125,58,61,1,0,1313,117.83463,264.0
118.27604,0.3528646,46,69,1,0,1314,118.27604,265.0
118.38672,0.2421875,58,61,1,0,1315,118.27604,265.0
118.46615,0.16276042,77,75,1,0,1316,118.27604,265.0
118.47526,0.15364583,74,72,1,0,1317,118.27604,265.0
118.479164,0.14973958,46,67,1,0,1318,118.27604,265.0
118.58724,0.041666668,58,65,1,0,1319,118.27604,265.0
118.657555,0.040364582,79,77,1,0,1320,118.27604,265.0
118.671875,0.032552082,75,72,1,0,1321,118.67057,266.0
118.67057,0.0546875,46,72,1,0,1322,118.67057,266.0
118.76823,0.069010414,58,61,1,0,1323,118.67057,266.0
118.864586,0.028645834,72,74,1,0,1324,118.67057,266.0
118.85807,0.048177082,75,65,1,0,1325,118.67057,266.0
118.86068,0.063802086,46,68,1,0,1326,118.67057,266.0
118.98828,0.063802086,58,51,1,0,1327,118.67057,266.0
119.0599,0.036458332,77,72,1,0,1328,118.67057,266.0
119.07162,0.03515625,74,69,1,0,1329,119.07162,267.0
119.07162,0.0625,46,64,1,0,1330,119.07162,267.0
119.18359,0.07421875,58,57,1,0,1331,119.07162,267.0
119.265625,0.045572918,70,69,1,0,1332,119.07162,267.0
119.2474,0.078125,74,64,1,0,1333,119.07162,267.0
119.270836,0.08203125,46,67,1,0,1334,119.07162,267.0
119.41016,0.044270832,58,55,1,0,1335,119.07162,267.0
119.47396,0.032552082,67,73,1,0,1336,119.47396,268.0
119.467445,0.0390625,75,70,1,0,1337,119.07162,267.0
119.489586,0.063802086,46,69,1,0,1338,119.47396,268.0
119.592445,0.0625,58,53,1,0,1339,119.47396,268.0
119.671875,0.033854168,72,71,1,0,1340,119.47396,268.0
119.677086,0.03125,63,73,1,0,1341,119.47396,268.0
119.688805,0.0625,46,69,1,0,1342,119.47396,268.0
119.79427,0.053385418,58,55,1,0,1343,119.47396,268.0
119.8724,0.03515625,74,77,1,0,1344,119.47396,268.0
119.88021,0.032552082,65,68,1,0,1345,119.88021,269.0
119.88412,0.059895832,46,69,1,0,1346,119.88021,269.0
119.98307,0.06640625,58,57,1,0,1347,119.88021,269.0
120.07552,0.041666668,62,62,1,0,1348,119.88021,269.0
120.07162,0.048177082,70,75,1,0,1349,119.88021,269.0
120.07943,0.072916664,46,67,1,0,1350,119.88021,269.0
120.19531,0.05078125,58,58,1,0,1351,119.88021,269.0
120.27344,0.041666668,72,73,1,0,1352,119.88021,269.0
120.27604,0.044270832,63,72,1,0,1353,120.27604,270.0
120.29037,0.0703125,46,65,1,0,1354,120.27604,270.0
120.407555,0.061197918,58,53,1,0,1355,120.27604,270.0
120.48698,0.033854168,63,64,1,0,1356,120.27604,270.0
120.48047,0.052083332,67,68,1,0,1357,120.27604,270.0
120.5026,0.055989582,46,63,1,0,1358,120.27604,270.0
120.609375,0.04296875,58,57,1,0,1359,120.27604,270.0
120.677086,0.03515625,63,68,1,0,1360,120.677086,271.0
120.677086,0.046875,69,74,1,0,1361,120.677086,271.0
120.69271,0.072916664,46,71,1,0,1362,120.677086,271.0
120.85287,0.04296875,58,63,1,0,1363,120.677086,271.0
120.864586,0.036458332,65,76,1,0,1364,120.677086,271.0
120.86588,0.040364582,63,66,1,0,1365,120.677086,271.0
120.88802,0.048177082,46,67,1,0,1366,120.677086,271.0
121.104164,0.7604167,34,74,1,0,1367,121.09375,272.0
121.20052,0.6640625,46,64,1,0,1368,121.09375,272.0
121.083336,0.78125,70,93,1,0,1369,120.677086,271.0
121.32943,0.53515625,34,63,1,0,1370,121.09375,272.0
121.09375,0.7708333,62,73,1,0,1371,121.09375,272.0
121.4349,0.4296875,46,59,1,0,1372,121.09375,272.0
121.54037,0.32421875,34,62,1,0,1373,121.54037,273.0
121.65104,0.21354167,46,67,1,0,1374,121.54037,273.0
121.70703,0.15755208,62,64,1,0,1375,121.54037,273.0
121.70703,0.15755208,65,68,1,0,1376,121.54037,273.0
121.751305,0.11328125,34,69,1,0,1377,121.54037,273.0
121.84635,0.0546875,46,68,1,0,1378,121.54037,273.0
121.91406,0.03515625,67,78,1,0,1379,121.54037,273.0
121.91927,0.032552082,63,69,1,0,1380,121.91927,274.0
121.9349,0.05078125,34,73,1,0,1381,121.91927,274.0
122.03125,0.057291668,46,55,1,0,1382,121.91927,274.0
122.11068,0.033854168,60,69,1,0,1383,121.91927,274.0
122.10287,0.0546875,63,74,1,0,1384,121.91927,274.0
122.11719,0.053385418,34,65,1,0,1385,121.91927,274.0
122.22266,0.067708336,46,46,1,0,1386,121.91927,274.0
122.32162,0.032552082,62,64,1,0,1387,122.32031,275.0
122.32031,0.0390625,65,70,1,0,1388,122.32031,275.0
122.3125,0.065104164,34,65,1,0,1389,121.91927,274.0
122.43099,0.069010414,46,53,1,0,1390,122.32031,275.0
122.52604,0.03515625,58,68,1,0,1391,122.32031,275.0
122.51693,0.059895832,62,48,1,0,1392,122.32031,275.0
122.515625,0.072916664,34,60,1,0,1393,122.32031,275.0
122.63932,0.084635414,46,56,1,0,1394,122.32031,275.0
122.71875,0.0390625,63,72,1,0,1395,122.32031,275.0
122.729164,0.036458332,55,68,1,0,1396,122.729164,276.0
122.734375,0.078125,34,61,1,0,1397,122.729164,276.0
122.86849,0.0703125,46,55,1,0,1398,122.729164,276.0
122.93099,0.0390625,60,65,1,0,1399,122.729164,276.0
122.9349,0.0390625,51,74,1,0,1400,122.729164,276.0
122.95573,0.067708336,34,64,1,0,1401,122.729164,276.0
123.09115,0.05078125,46,50,1,0,1402,122.729164,276.0
123.140625,0.03515625,62,63,1,0,1403,122.729164,276.0
123.145836,0.036458332,53,67,1,0,1404,123.145836,277.0
123.15625,0.063802086,34,64,1,0,1405,123.145836,277.0
123.270836,0.06640625,46,50,1,0,1406,123.145836,277.0
123.36849,0.037760418,50,60,1,0,1407,123.145836,277.0
123.35677,0.049479168,58,68,1,0,1408,123.145836,277.0
123.35677,0.055989582,34,67,1,0,1409,123.145836,277.0
123.48307,0.053385418,46,35,1,0,1410,123.145836,277.0
123.552086,0.0390625,60,68,1,0,1411,123.145836,277.0
123.563805,0.0390625,51,63,1,0,1412,123.561195,278.0
123.561195,0.05078125,34,60,1,0,1413,123.561195,278.0
123.66016,0.063802086,46,53,1,0,1414,123.561195,278.0
123.7474,0.052083332,55,63,1,0,1415,123.561195,278.0
123.75521,0.045572918,51,57,1,0,1416,123.561195,278.0
123.74349,0.080729164,34,59,1,0,1417,123.561195,278.0
123.8724,0.063802086,46,53,1,0,1418,123.561195,278.0
123.958336,0.033854168,51,58,1,0,1419,123.958336,279.0
123.94531,0.057291668,57,70,1,0,1420,123.561195,278.0
123.96875,0.065104164,34,66,1,0,1421,123.958336,279.0
124.14193,0.03515625,53,65,1,0,1422,123.958336,279.0
124.14453,0.0390625,51,56,1,0,1423,123.958336,279.0
124.09635,0.1171875,46,53,1,0,1424,123.958336,279.0
124.17318,0.075520836,34,65,1,0,1425,123.958336,279.0
124.385414,0.7708333,58,75,1,0,1426,124.38151,280.0
124.489586,0.6666667,62,57,1,0,1427,124.38151,280.0
124.36849,0.78776044,46,96,1,0,1428,123.958336,279.0
124.63281,0.5234375,58,56,1,0,1429,124.38151,280.0
124.71615,0.44010416,62,46,1,0,1430,124.38151,280.0
124.3776,0.7786458,34,87,1,0,1431,123.958336,279.0
124.83854,0.31770834,58,57,1,0,1432,124.83854,281.0
124.91797,0.23828125,62,49,1,0,1433,124.83854,281.0
125.041664,0.114583336,58,63,1,0,1434,124.83854,281.0
125.00781,0.1484375,33,79,1,0,1435,124.83854,281.0
125.135414,0.057291668,62,60,1,0,1436,124.83854,281.0
125.220055,0.057291668,34,79,1,0,1437,124.83854,281.0
125.239586,0.07421875,58,60,1,0,1438,125.22982,282.0
125.34635,0.069010414,62,55,1,0,1439,125.22982,282.0
125.44401,0.078125,37,80,1,0,1440,125.22982,282.0
125.47526,0.05078125,58,57,1,0,1441,125.22982,282.0
125.55469,0.061197918,62,56,1,0,1442,125.22982,282.0
125.64323,0.05078125,38,81,1,0,1443,125.22982,282.0
125.66016,0.063802086,58,65,1,0,1444,125.651695,283.0
125.75912,0.052083332,62,51,1,0,1445,125.651695,283.0
125.86849,0.049479168,58,61,1,0,1446,125.651695,283.0
125.84115,0.080729164,40,84,1,0,1447,125.651695,283.0
125.95052,0.065104164,62,58,1,0,1448,125.651695,283.0
126.04427,0.055989582,41,87,1,0,1449,125.651695,283.0
126.061195,0.065104164,58,64,1,0,1450,126.052734,284.0
126.16016,0.05078125,62,54,1,0,1451,126.052734,284.0
126.234375,0.088541664,45,82,1,0,1452,126.052734,284.0
126.27213,0.06640625,58,64,1,0,1453,126.052734,284.0
126.36198,0.059895832,62,57,1,0,1454,126.052734,284.0
126.458336,0.076822914,46,84,1,0,1455,126.052734,284.0
126.47787,0.059895832,58,66,1,0,1456,126.4681,285.0
126.563805,0.0546875,62,57,1,0,1457,126.4681,285.0
126.64844,0.076822914,49,84,1,0,1458,126.4681,285.0
126.671875,0.059895832,58,61,1,0,1459,126.4681,285.0
126.75521,0.059895832,62,58,1,0,1460,126.4681,285.0
126.84766,0.063802086,50,84,1,0,1461,126.4681,285.0
126.86849,0.063802086,58,65,1,0,1462,126.85807,286.0
126.96615,0.049479168,62,48,1,0,1463,126.85807,286.0
127.05078,0.067708336,52,86,1,0,1464,126.85807,286.0
127.05469,0.075520836,58,64,1,0,1465,126.85807,286.0
127.14453,0.076822914,62,54,1,0,1466,126.85807,286.0
127.248695,0.05859375,53,86,1,0,1467,126.85807,286.0
127.2526,0.08203125,58,64,1,0,1468,127.25065,287.0
127.36198,0.057291668,62,50,1,0,1469,127.25065,287.0
127.44141,0.05859375,57,78,1,0,1470,127.25065,287.0
127.45052,0.088541664,58,70,1,0,1471,127.25065,287.0
127.55338,0.046875,62,61,1,0,1472,127.25065,287.0
127.66406,0.36458334,58,86,1,0,1473,127.66406,288.0
127.779945,0.24869792,62,70,1,0,1474,127.66406,288.0
127.88672,0.14192708,61,60,1,0,1475,127.66406,288.0
127.99609,0.040364582,62,61,1,0,1476,127.66406,288.0
128.09505,0.3984375,65,79,1,0,1477,128.09505,289.0
128.09375,0.3997396,77,87,1,0,1478,127.66406,288.0
128.11067,0.3828125,61,61,1,0,1479,128.09505,289.0
128.20703,0.28645834,62,51,1,0,1480,128.09505,289.0
128.32422,0.16927083,61,62,1,0,1481,128.09505,289.0
128.42058,0.09765625,62,59,1,0,1482,128.09505,289.0
128.53777,0.07421875,57,82,1,0,1483,128.53777,290.0
128.65105,0.23828125,60,68,1,0,1484,128.53777,290.0
128.7552,0.13411458,59,76,1,0,1485,128.53777,290.0
128.86198,0.067708336,60,64,1,0,1486,128.53777,290.0
128.95833,0.3971354,66,87,1,0,1487,128.95833,291.0
128.97005,0.38541666,59,76,1,0,1488,128.95833,291.0
128.94792,0.4075521,78,92,1,0,1489,128.53777,290.0
129.07161,0.28385416,60,66,1,0,1490,128.95833,291.0
129.1862,0.16927083,59,64,1,0,1491,128.95833,291.0
129.28386,0.084635414,60,73,1,0,1492,128.95833,291.0
129.40364,0.3671875,54,82,1,0,1493,129.40364,292.0
129.53255,0.23828125,57,72,1,0,1494,129.40364,292.0
129.64714,0.123697914,62,62,1,0,1495,129.40364,292.0
129.7552,0.0703125,57,67,1,0,1496,129.40364,292.0
129.69531,0.14713542,72,82,1,0,1497,129.40364,292.0
129.82683,0.359375,52,67,1,0,1498,129.81445,293.0
129.9323,0.25390625,55,68,1,0,1499,129.81445,293.0
130.03906,0.14713542,62,53,1,0,1500,129.81445,293.0
130.12761,0.080729164,55,52,1,0,1501,129.81445,293.0
129.80208,1.1471354,84,94,1,0,1502,129.40364,292.0
130.22136,0.72786456,54,71,1,0,1503,130.22136,294.0
130.33855,0.61067706,57,67,1,0,1504,130.22136,294.0
130.30208,0.64713544,82,73,1,0,1505,130.22136,294.0
130.41536,0.5338542,62,65,1,0,1506,130.22136,294.0
130.40364,0.54557294,81,79,1,0,1507,130.22136,294.0
130.4948,0.4544271,57,69,1,0,1508,130.22136,294.0
130.49219,0.45703125,79,83,1,0,1509,130.22136,294.0
130.58333,0.3658854,54,61,1,0,1510,130.57617,295.0
130.56511,0.3841146,50,64,1,0,1511,130.22136,294.0
130.58723,0.36197916,78,83,1,0,1512,130.57617,295.0
130.69661,0.25260416,75,80,1,0,1513,130.57617,295.0
130.76953,0.1796875,74,73,1,0,1514,130.57617,295.0
130.84895,0.100260414,72,80,1,0,1515,130.57617,295.0
130.94922,0.03515625,70,80,1,0,1516,130.57617,295.0
130.96094,0.61328125,43,94,1,0,1517,130.96094,296.0
131.20312,0.37109375,58,47,1,0,1518,130.96094,296.0
130.96745,0.6067708,31,84,1,0,1519,130.96094,296.0
131.28645,0.2877604,62,56,1,0,1520,130.96094,296.0
131.43489,0.13932292,58,54,1,0,1521,131.43489,297.0
131.53255,0.04296875,62,49,1,0,1522,131.43489,297.0
131.59766,0.052083332,30,80,1,0,1523,131.43489,297.0
131.63281,0.053385418,58,65,1,0,1524,131.43489,297.0
131.72005,0.084635414,62,53,1,0,1525,131.43489,297.0
131.80208,0.055989582,31,80,1,0,1526,131.43489,297.0
131.83723,0.05078125,58,63,1,0,1527,131.81966,298.0
131.93098,0.049479168,62,51,1,0,1528,131.81966,298.0
131.99219,0.055989582,33,85,1,0,1529,131.81966,298.0
132.04427,0.053385418,58,60,1,0,1530,131.81966,298.0
132.11848,0.059895832,62,53,1,0,1531,131.81966,298.0
132.20312,0.083333336,34,80,1,0,1532,131.81966,298.0
132.23958,0.052083332,58,63,1,0,1533,132.22136,299.0
132.32683,0.0703125,62,59,1,0,1534,132.22136,299.0
132.41016,0.07421875,37,87,1,0,1535,132.22136,299.0
132.44661,0.057291668,58,67,1,0,1536,132.22136,299.0
132.53255,0.072916664,62,62,1,0,1537,132.22136,299.0
132.61198,0.0546875,38,84,1,0,1538,132.22136,299.0
132.65755,0.055989582,58,61,1,0,1539,132.63477,300.0
132.7461,0.049479168,62,53,1,0,1540,132.63477,300.0
132.83073,0.079427086,42,86,1,0,1541,132.63477,300.0
132.85677,0.0546875,58,62,1,0,1542,132.63477,300.0
132.9323,0.0703125,62,58,1,0,1543,132.63477,300.0
133.02605,0.061197918,43,85,1,0,1544,132.63477,300.0
133.05339,0.053385418,58,59,1,0,1545,133.03972,301.0
133.13933,0.046875,62,56,1,0,1546,133.03972,301.0
133.21355,0.075520836,45,83,1,0,1547,133.03972,301.0
133.24739,0.05859375,58,64,1,0,1548,133.03972,301.0
133.32942,0.0703125,62,54,1,0,1549,133.03972,301.0
133.45573,0.057291668,58,63,1,0,1550,133.44531,302.0
133.43489,0.08203125,46,88,1,0,1551,133.03972,301.0
133.54036,0.061197918,62,55,1,0,1552,133.44531,302.0
133.6302,0.075520836,49,85,1,0,1553,133.44531,302.0
133.64973,0.0625,58,62,1,0,1554,133.44531,302.0
133.73828,0.057291668,62,51,1,0,1555,133.44531,302.0
133.83203,0.044270832,50,82,1,0,1556,133.44531,302.0
133.84245,0.057291668,58,64,1,0,1557,133.83723,303.0
133.9388,0.040364582,62,41,1,0,1558,133.83723,303.0
134.02605,0.032552082,54,79,1,0,1559,133.83723,303.0
134.00911,0.087239586,58,60,1,0,1560,133.83723,303.0
134.09375,0.092447914,62,51,1,0,1561,133.83723,303.0
134.24739,0.3815104,55,81,1,0,1562,134.24739,304.0
134.39453,0.234375,58,70,1,0,1563,134.24739,304.0
134.4961,0.1328125,62,56,1,0,1564,134.24739,304.0
134.60808,0.059895832,58,62,1,0,1565,134.24739,304.0
134.6875,0.3971354,67,82,1,0,1566,134.6875,305.0
134.68098,0.40364584,79,89,1,0,1567,134.24739,304.0
134.72005,0.36458334,62,60,1,0,1568,134.6875,305.0
134.82422,0.26041666,58,60,1,0,1569,134.6875,305.0
134.90364,0.18098958,62,51,1,0,1570,134.6875,305.0
134.98958,0.104166664,58,62,1,0,1571,134.6875,305.0
135.10417,0.40625,53,61,1,0,1572,135.10417,306.0
135.20964,0.30078125,56,72,1,0,1573,135.10417,306.0
135.3177,0.19270833,58,75,1,0,1574,135.10417,306.0
135.40105,0.109375,56,77,1,0,1575,135.10417,306.0
135.52214,0.080729164,68,92,1,0,1576,135.52083,307.0
135.52083,0.4049479,80,95,1,0,1577,135.52083,307.0
135.51953,0.40625,51,77,1,0,1578,135.10417,306.0
135.64323,0.2825521,56,73,1,0,1579,135.52083,307.0
135.7513,0.17447917,58,63,1,0,1580,135.52083,307.0
135.84245,0.096354164,56,70,1,0,1581,135.52083,307.0
135.94661,0.38541666,50,67,1,0,1582,135.94661,308.0
136.0625,0.26953125,56,73,1,0,1583,135.94661,308.0
136.16927,0.16276042,58,60,1,0,1584,135.94661,308.0
136.26433,0.087239586,56,61,1,0,1585,135.94661,308.0
136.27083,0.15625,77,80,1,0,1586,135.94661,308.0
136.3698,0.3984375,48,71,1,0,1587,135.94661,308.0
136.50261,0.265625,56,65,1,0,1588,136.37566,309.0
136.57812,0.19010417,58,59,1,0,1589,136.37566,309.0
136.68098,0.087239586,56,66,1,0,1590,136.37566,309.0
136.77995,0.28515625,50,68,1,0,1591,136.77995,310.0
136.38152,0.68359375,89,92,1,0,1592,136.37566,309.0
136.89453,0.17057292,56,66,1,0,1593,136.77995,310.0
136.88802,0.17708333,87,70,1,0,1594,136.77995,310.0
136.95964,0.10546875,58,56,1,0,1595,136.77995,310.0
136.97656,0.088541664,86,71,1,0,1596,136.77995,310.0
137.04167,0.05859375,56,68,1,0,1597,136.77995,310.0
137.0638,0.40625,84,76,1,0,1598,136.77995,310.0
137.15625,0.3138021,82,83,1,0,1599,137.14388,311.0
137.13152,0.33854166,46,81,1,0,1600,136.77995,310.0
137.23177,0.23828125,56,76,1,0,1601,137.14388,311.0
137.25,0.22005208,80,83,1,0,1602,137.14388,311.0
137.34636,0.123697914,79,78,1,0,1603,137.14388,311.0
137.42188,0.096354164,77,78,1,0,1604,137.14388,311.0
137.52083,0.036458332,79,79,1,0,1605,137.14388,311.0
137.76953,0.53515625,58,75,1,0,1606,137.52995,312.0
137.52995,0.77473956,51,100,1,0,1607,137.52995,312.0
137.53645,0.7682292,39,86,1,0,1608,137.52995,312.0
137.8789,0.42578125,67,59,1,0,1609,137.52995,312.0
137.97917,0.32552084,58,63,1,0,1610,137.97917,313.0
138.08594,0.21875,67,61,1,0,1611,137.97917,313.0
138.17839,0.12630208,38,79,1,0,1612,137.97917,313.0
138.20183,0.102864586,58,70,1,0,1613,137.97917,313.0
138.29036,0.059895832,67,59,1,0,1614,137.97917,313.0
138.38933,0.069010414,39,81,1,0,1615,137.97917,313.0
138.39714,0.069010414,58,66,1,0,1616,138.39323,314.0
138.50261,0.046875,67,51,1,0,1617,138.39323,314.0
138.57812,0.07421875,42,83,1,0,1618,138.39323,314.0
138.61198,0.05859375,58,65,1,0,1619,138.39323,314.0
138.6875,0.052083332,67,57,1,0,1620,138.39323,314.0
138.78645,0.0625,43,88,1,0,1621,138.39323,314.0
138.8138,0.0546875,58,68,1,0,1622,138.80013,315.0
138.88672,0.05859375,67,67,1,0,1623,138.80013,315.0
138.99089,0.075520836,45,83,1,0,1624,138.80013,315.0
139.0052,0.067708336,58,71,1,0,1625,138.80013,315.0
139.08594,0.05078125,67,68,1,0,1626,138.80013,315.0
139.20833,0.075520836,58,75,1,0,1627,139.20247,316.0
139.19661,0.09375,46,89,1,0,1628,138.80013,315.0
139.28906,0.078125,67,63,1,0,1629,139.20247,316.0
139.40234,0.067708336,50,88,1,0,1630,139.20247,316.0
139.41927,0.076822914,58,76,1,0,1631,139.20247,316.0
139.51172,0.0546875,67,68,1,0,1632,139.20247,316.0
139.60677,0.080729164,51,90,1,0,1633,139.20247,316.0
139.61848,0.080729164,58,76,1,0,1634,139.61263,317.0
139.71484,0.05859375,67,62,1,0,1635,139.61263,317.0
139.8138,0.075520836,54,92,1,0,1636,139.61263,317.0
139.82422,0.080729164,58,74,1,0,1637,139.61263,317.0
139.91927,0.057291668,67,65,1,0,1638,139.61263,317.0
140.02214,0.071614586,55,91,1,0,1639,139.61263,317.0
140.03255,0.06640625,58,73,1,0,1640,140.02734,318.0
140.1237,0.046875,67,65,1,0,1641,140.02734,318.0
140.22656,0.045572918,53,77,1,0,1642,140.02734,318.0
140.23438,0.055989582,58,71,1,0,1643,140.02734,318.0
140.32161,0.06640625,67,58,1,0,1644,140.02734,318.0
140.43098,0.053385418,51,80,1,0,1645,140.02734,318.0
140.4427,0.044270832,58,69,1,0,1646,140.43684,319.0
140.53125,0.057291668,67,52,1,0,1647,140.43684,319.0
140.63411,0.037760418,50,71,1,0,1648,140.43684,319.0
140.63281,0.049479168,58,65,1,0,1649,140.43684,319.0
140.71745,0.140625,67,54,1,0,1650,140.43684,319.0
140.84636,0.38020834,49,77,1,0,1651,140.43684,319.0
140.86719,0.359375,57,59,1,0,1652,140.85677,320.0
140.97656,0.25,64,45,1,0,1653,140.85677,320.0
141.03645,0.19010417,67,65,1,0,1654,140.85677,320.0
141.15886,0.08984375,64,53,1,0,1655,140.85677,320.0
141.27344,0.057291668,79,92,1,0,1656,140.85677,320.0
141.28777,0.6015625,57,70,1,0,1657,141.2806,321.0
141.42188,0.4674479,64,56,1,0,1658,141.2806,321.0
141.48567,0.40364584,67,62,1,0,1659,141.2806,321.0
141.5638,0.32552084,64,62,1,0,1660,141.2806,321.0
141.69922,0.19010417,57,59,1,0,1661,141.69922,322.0
141.80989,0.079427086,64,59,1,0,1662,141.69922,322.0
141.90105,0.088541664,67,63,1,0,1663,141.69922,322.0
142.00781,0.041666668,64,60,1,0,1664,141.69922,322.0
142.0,0.052083332,49,64,1,0,1665,141.69922,322.0
142.08464,0.076822914,50,69,1,0,1666,141.69922,322.0
142.09114,0.09765625,57,59,1,0,1667,142.08789,323.0
142.17839,0.057291668,64,62,1,0,1668,142.08789,323.0
142.17448,0.080729164,49,70,1,0,1669,142.08789,323.0
142.27734,0.065104164,67,63,1,0,1670,142.08789,323.0
142.26953,0.09765625,47,69,1,0,1671,142.08789,323.0
142.36458,0.0546875,64,55,1,0,1672,142.08789,323.0
142.37761,0.084635414,49,75,1,0,1673,142.08789,323.0
142.45703,0.037760418,50,93,1,0,1674,142.08789,323.0
142.46484,0.3606771,57,64,1,0,1675,142.46094,324.0
142.57422,0.2513021,62,56,1,0,1676,142.46094,324.0
142.65625,0.16927083,65,57,1,0,1677,142.46094,324.0
142.76433,0.115885414,62,44,1,0,1678,142.46094,324.0
142.89973,0.61067706,77,98,1,0,1679,142.46094,324.0
142.92058,0.58984375,57,68,1,0,1680,142.91016,325.0
143.02344,0.48697916,62,56,1,0,1681,142.91016,325.0
143.11848,0.3919271,65,55,1,0,1682,142.91016,325.0
143.22656,0.28385416,62,43,1,0,1683,142.91016,325.0
143.32812,0.18229167,57,63,1,0,1684,143.32812,326.0
143.42448,0.100260414,62,54,1,0,1685,143.32812,326.0
143.53645,0.087239586,65,57,1,0,1686,143.32812,326.0
143.60156,0.055989582,50,74,1,0,1687,143.32812,326.0
143.625,0.057291668,62,55,1,0,1688,143.32812,326.0
143.71355,0.0625,52,76,1,0,1689,143.7116,327.0
143.70964,0.08984375,57,67,1,0,1690,143.32812,326.0
143.82031,0.059895832,62,58,1,0,1691,143.7116,327.0
143.8125,0.080729164,50,73,1,0,1692,143.7116,327.0
143.90105,0.07421875,65,57,1,0,1693,143.7116,327.0
143.90755,0.084635414,49,74,1,0,1694,143.7116,327.0
144.00261,0.0546875,62,57,1,0,1695,143.7116,327.0
143.9987,0.088541664,50,74,1,0,1696,143.7116,327.0
144.09636,0.061197918,46,96,1,0,1697,143.7116,327.0
144.11067,0.41927084,56,74,1,0,1698,144.10352,328.0
144.20833,0.3216146,62,58,1,0,1699,144.10352,328.0
144.29948,0.23046875,68,68,1,0,1700,144.10352,328.0
144.41145,0.1484375,62,60,1,0,1701,144.10352,328.0
144.57161,0.78125,86,97,1,0,1702,144.10352,328.0
144.57942,0.7734375,56,74,1,0,1703,144.57552,329.0
144.70052,0.65234375,62,65,1,0,1704,144.57552,329.0
144.77473,0.578125,68,72,1,0,1705,144.57552,329.0
144.8763,0.4765625,62,56,1,0,1706,144.57552,329.0
144.98177,0.37109375,56,61,1,0,1707,144.98177,330.0
145.08984,0.26302084,62,54,1,0,1708,144.98177,330.0
145.1914,0.16145833,68,60,1,0,1709,144.98177,330.0
145.27214,0.080729164,62,40,1,0,1710,144.98177,330.0
145.28386,0.080729164,46,65,1,0,1711,144.98177,330.0
145.375,0.09765625,56,64,1,0,1712,144.98177,330.0
145.39192,0.088541664,48,80,1,0,1713,145.38347,331.0
145.48958,0.13932292,62,51,1,0,1714,145.38347,331.0
145.5013,0.12760417,46,70,1,0,1715,145.38347,331.0
145.5625,0.080729164,68,61,1,0,1716,145.38347,331.0
145.58073,0.083333336,45,76,1,0,1717,145.38347,331.0
145.65105,0.076822914,62,56,1,0,1718,145.38347,331.0
145.67839,0.072916664,46,77,1,0,1719,145.38347,331.0
145.76433,0.26041666,45,84,1,0,1720,145.76172,332.0
145.75911,0.265625,57,72,1,0,1721,145.38347,331.0
145.89062,0.13411458,61,66,1,0,1722,145.76172,332.0
146.01953,0.037760418,33,62,1,0,1723,145.76172,332.0
145.96614,0.095052086,69,67,1,0,1724,145.76172,332.0
146.08073,0.05078125,61,52,1,0,1725,145.76172,332.0
146.16145,0.053385418,33,86,1,0,1726,145.76172,332.0
146.16797,0.083333336,57,69,1,0,1727,146.16472,333.0
146.27473,0.084635414,61,57,1,0,1728,146.16472,333.0
146.36458,0.0703125,36,90,1,0,1729,146.16472,333.0
146.36589,0.10546875,64,63,1,0,1730,146.16472,333.0
146.47917,0.0546875,61,59,1,0,1731,146.16472,333.0
146.5638,0.072916664,57,66,1,0,1732,146.16472,333.0
146.57683,0.078125,37,88,1,0,1733,146.57031,334.0
146.67839,0.087239586,61,61,1,0,1734,146.57031,334.0
146.77344,0.076822914,39,82,1,0,1735,146.57031,334.0
146.78125,0.08984375,64,62,1,0,1736,146.57031,334.0
146.87761,0.071614586,61,57,1,0,1737,146.57031,334.0
146.97656,0.053385418,40,78,1,0,1738,146.9759,335.0
146.97527,0.0703125,57,63,1,0,1739,146.57031,334.0
147.09766,0.053385418,61,58,1,0,1740,146.9759,335.0
147.16667,0.072916664,44,80,1,0,1741,146.9759,335.0
147.17448,0.091145836,64,63,1,0,1742,146.9759,335.0
147.29036,0.063802086,61,58,1,0,1743,146.9759,335.0
147.3763,0.39322916,45,75,1,0,1744,146.9759,335.0
147.40105,0.3684896,57,63,1,0,1745,147.38867,336.0
147.51433,0.25520834,62,55,1,0,1746,147.38867,336.0
147.59766,0.171875,68,73,1,0,1747,147.38867,336.0
147.59766,0.171875,65,63,1,0,1748,147.38867,336.0
147.69011,0.079427086,62,53,1,0,1749,147.38867,336.0
147.78125,0.063802086,69,80,1,0,1750,147.38867,336.0
147.79688,0.125,57,65,1,0,1751,147.78906,337.0
147.91797,0.045572918,62,46,1,0,1752,147.78906,337.0
147.97136,0.069010414,73,88,1,0,1753,147.78906,337.0
147.9987,0.05859375,65,50,1,0,1754,147.78906,337.0
148.06511,0.075520836,62,53,1,0,1755,147.78906,337.0
148.17839,0.044270832,74,82,1,0,1756,147.78906,337.0
148.1875,0.106770836,57,63,1,0,1757,148.18294,338.0
148.29817,0.069010414,62,46,1,0,1758,148.18294,338.0
148.38411,0.0703125,76,86,1,0,1759,148.18294,338.0
148.40495,0.052083332,65,51,1,0,1760,148.18294,338.0
148.49348,0.053385418,62,42,1,0,1761,148.18294,338.0
148.58203,0.063802086,77,89,1,0,1762,148.18294,338.0
148.58855,0.091145836,57,60,1,0,1763,148.58528,339.0
148.69792,0.065104164,62,44,1,0,1764,148.58528,339.0
148.76302,0.063802086,80,87,1,0,1765,148.58528,339.0
148.80078,0.07421875,65,55,1,0,1766,148.58528,339.0
148.90886,0.39583334,62,36,1,0,1767,148.58528,339.0
148.95183,0.3528646,81,88,1,0,1768,148.58528,339.0
149.01823,0.28645834,57,53,1,0,1769,148.98503,340.0
149.10547,0.19921875,61,60,1,0,1770,148.98503,340.0
149.17448,0.13020833,44,76,1,0,1771,148.98503,340.0
149.18489,0.119791664,64,63,1,0,1772,148.98503,340.0
149.28906,0.053385418,61,59,1,0,1773,148.98503,340.0
149.3737,0.0625,45,65,1,0,1774,148.98503,340.0
149.39583,0.065104164,57,48,1,0,1775,149.38477,341.0
149.48047,0.08203125,61,53,1,0,1776,149.38477,341.0
149.57812,0.052083332,48,72,1,0,1777,149.38477,341.0
149.57422,0.096354164,64,58,1,0,1778,149.38477,341.0
149.6927,0.041666668,61,53,1,0,1779,149.38477,341.0
149.76823,0.061197918,49,77,1,0,1780,149.38477,341.0
149.77605,0.05859375,57,60,1,0,1781,149.77214,342.0
149.86458,0.096354164,61,51,1,0,1782,149.77214,342.0
149.96875,0.059895832,51,78,1,0,1783,149.77214,342.0
149.97136,0.0859375,64,59,1,0,1784,149.77214,342.0
150.07292,0.055989582,61,55,1,0,1785,149.77214,342.0
150.16797,0.044270832,52,75,1,0,1786,149.77214,342.0
150.17578,0.055989582,57,60,1,0,1787,150.17188,343.0
150.28386,0.072916664,61,54,1,0,1788,150.17188,343.0
150.3763,0.033854168,56,74,1,0,1789,150.17188,343.0
150.38152,0.09765625,64,64,1,0,1790,150.17188,343.0
150.4961,0.2955729,61,61,1,0,1791,150.17188,343.0
150.58073,0.2109375,57,70,1,0,1792,150.58073,344.0
150.70183,0.08984375,62,50,1,0,1793,150.58073,344.0
150.78255,0.0703125,65,55,1,0,1794,150.58073,344.0
150.76953,0.088541664,68,81,1,0,1795,150.58073,344.0
150.8763,0.055989582,62,55,1,0,1796,150.58073,344.0
150.96875,0.0625,69,81,1,0,1797,150.58073,344.0
150.97656,0.100260414,57,65,1,0,1798,150.97266,345.0
151.07812,0.057291668,62,50,1,0,1799,150.97266,345.0
151.15625,0.069010414,73,81,1,0,1800,150.97266,345.0
151.17839,0.049479168,65,52,1,0,1801,150.97266,345.0
151.26302,0.059895832,62,43,1,0,1802,150.97266,345.0
151.36198,0.057291668,74,74,1,0,1803,151.36133,346.0
151.36067,0.104166664,57,65,1,0,1804,150.97266,345.0
151.46745,0.05859375,62,44,1,0,1805,151.36133,346.0
151.56511,0.05078125,76,80,1,0,1806,151.36133,346.0
151.57031,0.052083332,65,50,1,0,1807,151.36133,346.0
151.65495,0.05859375,62,38,1,0,1808,151.36133,346.0
151.76302,0.05859375,77,80,1,0,1809,151.76172,347.0
151.76042,0.080729164,57,54,1,0,1810,151.36133,346.0
151.84895,0.055989582,62,45,1,0,1811,151.76172,347.0
151.95312,0.03515625,80,76,1,0,1812,151.76172,347.0
151.95573,0.059895832,65,49,1,0,1813,151.76172,347.0
152.0638,0.046875,62,30,1,0,1814,151.76172,347.0
152.15625,0.375,81,82,1,0,1815,151.76172,347.0
152.16277,0.3684896,57,54,1,0,1816,152.1595,348.0
152.25652,0.2747396,61,53,1,0,1817,152.1595,348.0
152.35938,0.171875,64,56,1,0,1818,152.1595,348.0
152.47266,0.05859375,61,51,1,0,1819,152.1595,348.0
152.53645,0.061197918,57,57,1,0,1820,152.53645,349.0
152.63411,0.096354164,61,51,1,0,1821,152.53645,349.0
152.75,0.07421875,64,51,1,0,1822,152.53645,349.0
152.86458,0.041666668,61,42,1,0,1823,152.53645,349.0
152.94792,0.4453125,45,82,1,0,1824,152.53645,349.0
152.95052,0.44270834,57,50,1,0,1825,152.94922,350.0
153.02734,0.3658854,61,58,1,0,1826,152.94922,350.0
153.13933,0.25390625,64,57,1,0,1827,152.94922,350.0
153.25261,0.140625,61,52,1,0,1828,152.94922,350.0
153.33723,0.111979164,57,59,1,0,1829,153.33723,351.0
153.45703,0.079427086,61,46,1,0,1830,153.33723,351.0
153.5625,0.078125,64,58,1,0,1831,153.33723,351.0
153.6888,0.055989582,61,52,1,0,1832,153.33723,351.0
153.76562,0.4596354,86,87,1,0,1833,153.33723,351.0
153.79427,0.4309896,59,61,1,0,1834,153.77995,352.0
153.90234,0.32291666,62,54,1,0,1835,153.77995,352.0
153.98958,0.23567708,67,59,1,0,1836,153.77995,352.0
154.0638,0.16145833,62,44,1,0,1837,153.77995,352.0
154.15105,0.0859375,59,66,1,0,1838,154.15105,353.0
154.2552,0.08984375,62,52,1,0,1839,154.15105,353.0
154.35808,0.088541664,67,65,1,0,1840,154.15105,353.0
154.46745,0.0703125,62,51,1,0,1841,154.15105,353.0
154.55989,0.5078125,47,100,1,0,1842,154.15105,353.0
154.56902,0.4986979,59,69,1,0,1843,154.56445,354.0
154.6914,0.3763021,62,49,1,0,1844,154.56445,354.0
154.7552,0.3125,67,63,1,0,1845,154.56445,354.0
154.87239,0.1953125,62,55,1,0,1846,154.56445,354.0
154.97917,0.098958336,59,63,1,0,1847,154.97917,355.0
155.09375,0.044270832,62,50,1,0,1848,154.97917,355.0
155.16797,0.100260414,67,61,1,0,1849,154.97917,355.0
155.24348,0.115885414,62,48,1,0,1850,154.97917,355.0
155.35677,0.3125,88,92,1,0,1851,154.97917,355.0
155.38542,0.28385416,57,65,1,0,1852,155.3711,356.0
155.5039,0.16536458,64,62,1,0,1853,155.3711,356.0
155.58333,0.0859375,67,61,1,0,1854,155.3711,356.0
155.66277,0.09765625,64,53,1,0,1855,155.3711,356.0
155.76692,0.046875,49,97,1,0,1856,155.3711,356.0
155.78255,0.5,57,69,1,0,1857,155.77473,357.0
155.90625,0.3763021,64,67,1,0,1858,155.77473,357.0
155.98438,0.2981771,67,69,1,0,1859,155.77473,357.0
156.08594,0.19661458,64,56,1,0,1860,155.77473,357.0
156.20833,0.122395836,57,62,1,0,1861,156.20833,358.0
156.34636,0.052083332,64,60,1,0,1862,156.20833,358.0
156.41927,0.09765625,67,68,1,0,1863,156.20833,358.0
156.53255,0.072916664,64,65,1,0,1864,156.20833,358.0
156.60027,0.52473956,76,101,1,0,1865,156.20833,358.0
156.63933,0.4856771,57,71,1,0,1866,156.6198,359.0
156.7461,0.37890625,64,78,1,0,1867,156.6198,359.0
156.82942,0.2955729,67,71,1,0,1868,156.6198,359.0
156.91927,0.20572917,64,61,1,0,1869,156.6198,359.0
157.03255,0.110677086,57,63,1,0,1870,157.03255,360.0
157.14714,0.055989582,64,63,1,0,1871,157.03255,360.0
157.22656,0.098958336,67,71,1,0,1872,157.03255,360.0
157.34114,0.067708336,64,61,1,0,1873,157.03255,360.0
157.4323,0.4752604,37,104,1,0,1874,157.03255,360.0
157.4414,0.46614584,57,64,1,0,1875,157.43684,361.0
157.55339,0.35416666,64,68,1,0,1876,157.43684,361.0
157.6289,0.27864584,67,75,1,0,1877,157.43684,361.0
157.72917,0.17838542,64,65,1,0,1878,157.43684,361.0
157.83203,0.115885414,57,70,1,0,1879,157.83203,362.0
157.95442,0.05078125,64,59,1,0,1880,157.83203,362.0
158.03386,0.092447914,67,70,1,0,1881,157.83203,362.0
158.1289,0.079427086,64,68,1,0,1882,157.83203,362.0
158.22527,0.76171875,79,103,1,0,1883,157.83203,362.0
158.23698,0.75,57,75,1,0,1884,158.23112,363.0
158.35027,0.63671875,64,79,1,0,1885,158.23112,363.0
158.4427,0.5442708,67,74,1,0,1886,158.23112,363.0
158.53516,0.4518229,64,73,1,0,1887,158.23112,363.0
158.76302,2.8359375,57,89,1,0,1888,158.76237,364.0
158.75911,2.8632812,49,92,1,0,1889,158.23112,363.0
158.75781,2.8789062,45,81,1,0,1890,158.23112,363.0
158.76172,2.876302,67,91,1,0,1891,158.23112,363.0
158.76692,2.873698,64,86,1,0,1892,158.76237,364.0
158.76692,2.9023438,37,84,1,0,1893,158.76237,364.0
162.84505,0.21354167,62,36,1,0,1894,160.92351,365.0
162.88542,0.18489583,50,31,1,0,1895,160.92351,365.0
162.86067,0.21744792,38,38,1,0,1896,160.92351,365.0
163.07292,0.045572918,61,55,1,0,1897,160.92351,365.0
163.09636,0.041666668,37,48,1,0,1898,163.08464,366.0
163.27344,0.05078125,59,62,1,0,1899,163.08464,366.0
163.28777,0.053385418,35,44,1,0,1900,163.08464,366.0
163.48047,0.044270832,57,60,1,0,1901,163.08464,366.0
163.49348,0.044270832,33,50,1,0,1902,163.48698,367.0
163.67969,0.0390625,37,65,1,0,1903,163.48698,367.0
163.67188,0.052083332,61,64,1,0,1904,163.48698,367.0
163.8789,0.044270832,62,55,1,0,1905,163.48698,367.0
163.89323,0.044270832,38,57,1,0,1906,163.88606,368.0
164.07812,0.0390625,66,70,1,0,1907,163.88606,368.0
164.09245,0.037760418,42,55,1,0,1908,163.88606,368.0
164.30469,0.0026041667,57,28,1,0,1909,164.2793,369.0
164.27083,0.037760418,69,68,1,0,1910,163.88606,368.0
164.27734,0.046875,45,52,1,0,1911,163.88606,368.0
164.28125,0.055989582,33,49,1,0,1912,164.2793,369.0
164.48828,0.032552082,73,67,1,0,1913,164.2793,369.0
164.48438,0.0390625,49,60,1,0,1914,164.2793,369.0
164.48438,0.040364582,37,59,1,0,1915,164.2793,369.0
164.5039,0.033854168,61,53,1,0,1916,164.2793,369.0
164.6888,0.033854168,50,62,1,0,1917,164.2793,369.0
164.6888,0.033854168,74,68,1,0,1918,164.2793,369.0
164.70183,0.032552082,62,41,1,0,1919,164.69402,370.0
164.69922,0.037760418,38,55,1,0,1920,164.69402,370.0
164.89583,0.02734375,64,59,1,0,1921,164.69402,370.0
164.88542,0.037760418,76,75,1,0,1922,164.69402,370.0
164.89844,0.0390625,52,58,1,0,1923,164.69402,370.0
164.91797,0.052083332,40,33,1,0,1924,164.69402,370.0
165.09636,0.03515625,78,76,1,0,1925,164.69402,370.0
165.11328,0.033854168,54,59,1,0,1926,165.11263,371.0
165.11198,0.040364582,42,53,1,0,1927,164.69402,370.0
165.13281,0.045572918,66,31,1,0,1928,165.11263,371.0
165.33203,0.033854168,79,72,1,0,1929,165.11263,371.0
165.33723,0.0390625,55,60,1,0,1930,165.11263,371.0
165.34114,0.036458332,43,53,1,0,1931,165.11263,371.0
165.34505,0.032552082,67,54,1,0,1932,165.11263,371.0
165.73047,2.0390625,69,65,1,0,1933,165.72331,372.0
165.72136,2.048177,45,36,1,0,1934,165.11263,371.0
165.71745,2.0520833,81,83,1,0,1935,165.11263,371.0
165.72527,2.0442708,57,38,1,0,1936,165.72331,372.0
167.4336,0.3359375,66,39,1,0,1937,166.69368,373.0
167.43098,0.33854166,74,42,1,0,1938,166.69368,373.0
167.4336,0.34635416,69,35,1,0,1939,166.69368,373.0
167.6862,0.119791664,64,39,1,0,1940,167.66406,374.0
167.65234,0.17317708,67,40,1,0,1941,166.69368,373.0
167.66406,0.24088542,73,60,1,0,1942,167.66406,374.0
167.85027,0.17447917,71,66,1,0,1943,167.66406,374.0
167.85938,0.16666667,62,38,1,0,1944,167.66406,374.0
167.8763,0.15755208,66,43,1,0,1945,167.66406,374.0
168.07422,0.091145836,61,50,1,0,1946,168.07422,375.0
168.08073,0.12890625,64,46,1,0,1947,168.07422,375.0
168.0586,0.24479167,69,63,1,0,1948,167.66406,374.0
168.2539,0.108072914,81,78,1,0,1949,168.07422,375.0
168.27083,0.20052083,62,43,1,0,1950,168.07422,375.0
168.26823,0.203125,66,57,1,0,1951,168.07422,375.0
168.28255,0.21484375,71,52,1,0,1952,168.07422,375.0
168.48958,0.0625,69,57,1,0,1953,168.48958,376.0
168.48958,0.22135417,61,46,1,0,1954,168.48958,376.0
168.5,0.2109375,64,58,1,0,1955,168.48958,376.0
168.67969,0.05078125,67,61,1,0,1956,168.48958,376.0
168.68489,0.7473958,59,53,1,0,1957,168.48958,376.0
168.6823,0.75,62,42,1,0,1958,168.48958,376.0
168.48567,0.94661456,81,75,1,0,1959,168.07422,375.0
168.88802,0.5442708,61,55,1,0,1960,168.48958,376.0
168.89583,0.5364583,66,53,1,0,1961,168.89583,377.0
168.90364,0.5286458,57,49,1,0,1962,168.89583,377.0
169.11067,0.3216146,62,46,1,0,1963,168.89583,377.0
169.13411,0.2981771,59,46,1,0,1964,168.89583,377.0
169.09766,0.3346354,67,57,1,0,1965,168.89583,377.0
169.34766,0.16796875,57,53,1,0,1966,168.89583,377.0
169.35677,0.203125,66,50,1,0,1967,169.35677,378.0
169.36198,0.20572917,61,48,1,0,1968,169.35677,378.0
169.56511,0.15755208,55,52,1,0,1969,169.35677,378.0
169.54948,0.17838542,64,60,1,0,1970,169.35677,378.0
169.5677,0.17708333,59,54,1,0,1971,169.35677,378.0
169.77344,0.33203125,54,53,1,0,1972,169.77344,379.0
169.79558,0.30989584,57,52,1,0,1973,169.77344,379.0
169.77214,0.33333334,62,53,1,0,1974,169.35677,378.0
169.97395,0.13151042,74,73,1,0,1975,169.77344,379.0
169.98567,0.17057292,55,49,1,0,1976,169.77344,379.0
169.98567,0.171875,59,55,1,0,1977,169.77344,379.0
170.0039,0.19010417,64,53,1,0,1978,169.77344,379.0
170.19922,0.046875,62,49,1,0,1979,170.19727,380.0
170.19531,0.15885417,54,49,1,0,1980,169.77344,379.0
170.21355,0.15234375,57,53,1,0,1981,170.19727,380.0
170.19011,0.2265625,74,79,1,0,1982,169.77344,379.0
170.42188,0.098958336,61,55,1,0,1983,170.19727,380.0
170.41406,0.13802083,55,45,1,0,1984,170.19727,380.0
170.41406,0.14453125,52,50,1,0,1985,170.19727,380.0
170.40495,0.19140625,73,72,1,0,1986,170.19727,380.0
170.63933,0.040364582,62,51,1,0,1987,170.63411,381.0
170.62239,0.075520836,50,44,1,0,1988,170.19727,380.0
170.6289,0.069010414,54,42,1,0,1989,170.19727,380.0
170.64583,0.052083332,74,61,1,0,1990,170.63411,381.0
170.8711,0.25,63,48,1,0,1991,170.63411,381.0
171.08333,0.069010414,43,44,1,0,1992,170.63411,381.0
171.09114,0.061197918,55,42,1,0,1993,171.08723,382.0
170.85808,0.3359375,75,63,1,0,1994,170.63411,381.0
171.27473,0.055989582,76,59,1,0,1995,171.08723,382.0
171.29427,0.05078125,64,39,1,0,1996,171.08723,382.0
171.49739,0.040364582,57,55,1,0,1997,171.08723,382.0
171.51042,0.036458332,67,60,1,0,1998,171.50261,383.0
171.5,0.055989582,73,61,1,0,1999,171.08723,382.0
171.5052,0.0546875,45,50,1,0,2000,171.50261,383.0
171.69661,0.0625,69,58,1,0,2001,171.50261,383.0
171.98698,0.42578125,66,37,1,0,2002,171.98438,384.0
171.98828,0.42447916,50,30,1,0,2003,171.98438,384.0
171.97395,0.4388021,74,44,1,0,2004,171.50261,383.0
171.98177,0.4309896,38,31,1,0,2005,171.50261,383.0
172.6263,0.092447914,78,72,1,0,2006,172.41277,385.0
172.73438,0.37239584,86,67,1,0,2007,172.41277,385.0
172.84114,0.265625,76,66,1,0,2008,172.84114,386.0
172.92058,0.18619792,85,62,1,0,2009,172.84114,386.0
173.01172,0.095052086,74,71,1,0,2010,172.84114,386.0
173.10286,0.048177082,83,73,1,0,2011,172.84114,386.0
173.21745,0.040364582,73,65,1,0,2012,173.21745,387.0
173.27734,0.055989582,81,68,1,0,2013,173.21745,387.0
173.3789,0.037760418,45,74,1,0,2014,173.21745,387.0
173.37761,0.045572918,33,73,1,0,2015,173.21745,387.0
173.38672,0.052083332,74,73,1,0,2016,173.21745,387.0
173.48958,0.096354164,83,62,1,0,2017,173.21745,387.0
173.61589,0.3684896,73,80,1,0,2018,173.60027,388.0
173.72527,0.2591146,81,76,1,0,2019,173.60027,388.0
173.81511,0.16927083,71,67,1,0,2020,173.60027,388.0
173.90755,0.076822914,79,78,1,0,2021,173.60027,388.0
174.01172,0.067708336,69,70,1,0,2022,174.01172,389.0
174.10677,0.055989582,78,68,1,0,2023,174.01172,389.0
174.19661,0.07421875,71,72,1,0,2024,174.01172,389.0
174.29427,0.06640625,79,74,1,0,2025,174.01172,389.0
174.39973,0.36328125,69,71,1,0,2026,174.39973,390.0
174.49348,0.26953125,78,71,1,0,2027,174.39973,390.0
174.58723,0.17578125,67,74,1,0,2028,174.39973,390.0
173.59636,1.1666666,33,63,1,0,2029,173.21745,387.0
174.67708,0.0859375,76,74,1,0,2030,174.39973,390.0
173.60027,1.1627604,45,80,1,0,2031,173.60027,388.0
174.79167,0.048177082,66,76,1,0,2032,174.79167,391.0
174.87239,0.0546875,75,63,1,0,2033,174.79167,391.0
174.96355,0.036458332,46,77,1,0,2034,174.79167,391.0
174.96745,0.045572918,34,66,1,0,2035,174.79167,391.0
174.96875,0.075520836,67,78,1,0,2036,174.79167,391.0
175.07942,0.069010414,76,66,1,0,2037,174.79167,391.0
175.18098,0.0703125,67,76,1,0,2038,175.17058,392.0
175.28777,0.51692706,76,64,1,0,2039,175.17058,392.0
175.38281,0.421875,66,80,1,0,2040,175.17058,392.0
175.17058,0.63411456,46,78,1,0,2041,175.17058,392.0
175.48438,0.3203125,75,71,1,0,2042,175.17058,392.0
175.16927,0.6354167,34,69,1,0,2043,174.79167,391.0
175.57292,0.23177083,67,74,1,0,2044,175.57292,393.0
175.67578,0.12890625,76,68,1,0,2045,175.57292,393.0
175.77473,0.0390625,47,78,1,0,2046,175.57292,393.0
175.77344,0.053385418,35,70,1,0,2047,175.57292,393.0
175.77605,0.0625,79,80,1,0,2048,175.57292,393.0
175.8763,0.067708336,88,77,1,0,2049,175.57292,393.0
175.98308,0.5625,79,75,1,0,2050,175.98308,394.0
176.07031,0.4752604,88,76,1,0,2051,175.98308,394.0
176.17448,0.37109375,78,85,1,0,2052,175.98308,394.0
176.26562,0.2799479,87,75,1,0,2053,175.98308,394.0
175.98308,0.5625,35,74,1,0,2054,175.98308,394.0
175.98308,0.5625,47,84,1,0,2055,175.98308,394.0
176.3802,0.16536458,79,82,1,0,2056,176.3802,395.0
176.48698,0.083333336,88,81,1,0,2057,176.3802,395.0
176.59375,0.053385418,48,83,1,0,2058,176.3802,395.0
176.59636,0.055989582,36,74,1,0,2059,176.3802,395.0
176.59766,0.084635414,79,82,1,0,2060,176.3802,395.0
176.70312,0.0859375,88,72,1,0,2061,176.3802,395.0
176.83464,0.7369792,79,76,1,0,2062,176.82683,396.0
176.92839,0.6432292,88,77,1,0,2063,176.82683,396.0
177.04036,0.53125,78,90,1,0,2064,176.82683,396.0
177.13802,0.43359375,87,75,1,0,2065,176.82683,396.0
176.82683,0.7447917,36,81,1,0,2066,176.82683,396.0
176.82031,0.75130206,48,87,1,0,2067,176.3802,395.0
177.2487,0.32291666,76,80,1,0,2068,177.2487,397.0
177.35027,0.22135417,88,81,1,0,2069,177.2487,397.0
177.45703,0.114583336,48,87,1,0,2070,177.2487,397.0
177.45183,0.119791664,36,73,1,0,2071,177.2487,397.0
177.45833,0.11328125,75,91,1,0,2072,177.2487,397.0
177.54817,0.088541664,87,74,1,0,2073,177.2487,397.0
177.67708,0.08984375,76,88,1,0,2074,177.2487,397.0
177.78516,0.6276042,88,85,1,0,2075,177.6875,398.0
177.89192,0.5208333,75,91,1,0,2076,177.6875,398.0
177.97136,0.44140625,87,71,1,0,2077,177.6875,398.0
177.6875,0.72526044,49,96,1,0,2078,177.6875,398.0
177.6888,0.7239583,37,88,1,0,2079,177.6875,398.0
178.08333,0.3294271,76,79,1,0,2080,178.08333,399.0
178.1862,0.2265625,88,56,1,0,2081,178.08333,399.0
178.1927,0.22005208,86,69,1,0,2082,178.08333,399.0
178.28516,0.12760417,49,78,1,0,2083,178.08333,399.0
178.28645,0.12630208,70,86,1,0,2084,178.08333,399.0
178.28645,0.12630208,37,81,1,0,2085,178.08333,399.0
178.38802,0.079427086,82,80,1,0,2086,178.08333,399.0
178.50911,0.27864584,35,75,1,0,2087,178.50911,400.0
178.50911,0.27864584,47,82,1,0,2088,178.50911,400.0
178.5052,0.2825521,71,79,1,0,2089,178.08333,399.0
178.61589,0.171875,75,87,1,0,2090,178.50911,400.0
178.72266,0.092447914,78,76,1,0,2091,178.50911,400.0
178.80339,0.14583333,83,81,1,0,2092,178.50911,400.0
178.90105,0.12890625,81,76,1,0,2093,178.90105,401.0
178.99219,0.104166664,79,81,1,0,2094,178.90105,401.0
179.07422,0.03515625,67,65,1,0,2095,178.90105,401.0
179.0677,0.04296875,59,64,1,0,2096,178.90105,401.0
179.0664,0.044270832,64,72,1,0,2097,178.90105,401.0
179.08594,0.091145836,78,88,1,0,2098,178.90105,401.0
179.17969,0.10546875,76,74,1,0,2099,178.90105,401.0
179.28386,0.328125,59,64,1,0,2100,179.2819,402.0
179.28777,0.32421875,66,79,1,0,2101,179.2819,402.0
179.27995,0.33203125,63,73,1,0,2102,178.90105,401.0
179.27864,0.33333334,75,84,1,0,2103,178.90105,401.0
179.39583,0.21614583,78,85,1,0,2104,179.2819,402.0
179.49089,0.12109375,82,79,1,0,2105,179.2819,402.0
179.58333,0.16276042,83,70,1,0,2106,179.2819,402.0
179.6888,0.12109375,81,75,1,0,2107,179.6888,403.0
179.77734,0.08984375,79,77,1,0,2108,179.6888,403.0
179.8711,0.03515625,67,72,1,0,2109,179.6888,403.0
179.86328,0.049479168,64,74,1,0,2110,179.6888,403.0
179.87761,0.0390625,59,52,1,0,2111,179.6888,403.0
179.85938,0.092447914,78,89,1,0,2112,179.6888,403.0
179.95833,0.108072914,76,74,1,0,2113,179.6888,403.0
180.07292,0.044270832,66,78,1,0,2114,180.07031,404.0
180.07683,0.048177082,63,75,1,0,2115,180.07031,404.0
180.0677,0.05859375,59,65,1,0,2116,179.6888,403.0
180.0612,0.74869794,83,83,1,0,2117,179.6888,403.0
180.18098,0.62890625,78,81,1,0,2118,180.07031,404.0
180.26562,0.5442708,75,86,1,0,2119,180.07031,404.0
180.35156,0.45833334,71,75,1,0,2120,180.07031,404.0
180.45964,0.3502604,66,73,1,0,2121,180.45964,405.0
180.51692,0.29296875,63,88,1,0,2122,180.45964,405.0
180.625,0.18489583,59,72,1,0,2123,180.45964,405.0
180.70312,0.106770836,54,73,1,0,2124,180.45964,405.0
180.77734,0.096354164,51,80,1,0,2125,180.45964,405.0
180.89323,0.28515625,47,63,1,0,2126,180.89323,406.0
181.58464,0.1015625,71,53,1,0,2127,181.34831,407.0
181.79688,0.11328125,52,51,1,0,2128,181.34831,407.0
181.91927,0.048177082,55,59,1,0,2129,181.80339,408.0
182.01823,0.049479168,59,58,1,0,2130,181.80339,408.0
182.1211,0.080729164,55,35,1,0,2131,181.80339,408.0
181.80989,0.44921875,79,68,1,0,2132,181.80339,408.0
182.19011,0.16015625,51,50,1,0,2133,181.80339,408.0
182.34766,0.0546875,54,52,1,0,2134,182.20052,409.0
182.4362,0.065104164,59,52,1,0,2135,182.20052,409.0
182.53645,0.078125,54,58,1,0,2136,182.20052,409.0
182.65755,0.09765625,52,50,1,0,2137,182.20052,409.0
182.21094,0.5572917,83,63,1,0,2138,182.20052,409.0
182.76042,0.063802086,55,48,1,0,2139,182.66472,410.0
182.85547,0.063802086,59,55,1,0,2140,182.66472,410.0
182.67188,0.3671875,79,58,1,0,2141,182.66472,410.0
182.96484,0.0859375,55,55,1,0,2142,182.66472,410.0
183.07812,0.061197918,59,59,1,0,2143,183.0677,411.0
183.0573,0.106770836,81,62,1,0,2144,182.66472,410.0
183.16145,0.063802086,79,61,1,0,2145,183.0677,411.0
183.20052,0.0390625,55,42,1,0,2146,183.0677,411.0
183.27344,0.052083332,59,64,1,0,2147,183.0677,411.0
183.23828,0.087239586,78,75,1,0,2148,183.0677,411.0
183.33984,0.071614586,76,74,1,0,2149,183.0677,411.0
183.38542,0.061197918,55,48,1,0,2150,183.0677,411.0
183.4414,0.036458332,75,71,1,0,2151,183.0677,411.0
183.44792,0.088541664,47,62,1,0,2152,183.44466,412.0
183.54948,0.092447914,54,63,1,0,2153,183.44466,412.0
183.6198,0.065104164,75,60,1,0,2154,183.44466,412.0
183.64973,0.061197918,57,57,1,0,2155,183.44466,412.0
183.7461,0.045572918,59,67,1,0,2156,183.44466,412.0
183.83464,0.063802086,78,60,1,0,2157,183.44466,412.0
183.84375,0.091145836,47,60,1,0,2158,183.83919,413.0
183.91145,0.084635414,76,69,1,0,2159,183.83919,413.0
183.94531,0.053385418,52,62,1,0,2160,183.83919,413.0
184.03906,0.041666668,55,52,1,0,2161,183.83919,413.0
184.02605,0.08203125,75,70,1,0,2162,183.83919,413.0
184.11719,0.0703125,59,59,1,0,2163,183.83919,413.0
184.13411,0.0859375,76,58,1,0,2164,183.83919,413.0
184.22395,0.1015625,47,54,1,0,2165,183.83919,413.0
184.34114,0.122395836,51,61,1,0,2166,184.23242,414.0
184.44011,0.096354164,54,60,1,0,2167,184.23242,414.0
184.55078,0.0625,58,64,1,0,2168,184.23242,414.0
184.24089,0.38802084,78,70,1,0,2169,184.23242,414.0
184.63933,0.044270832,71,63,1,0,2170,184.23242,414.0
184.65886,0.052083332,59,66,1,0,2171,184.6491,415.0
184.7513,0.067708336,57,58,1,0,2172,184.6491,415.0
184.83203,0.0703125,71,65,1,0,2173,184.6491,415.0
184.85027,0.075520836,55,59,1,0,2174,184.6491,415.0
184.95052,0.0546875,54,56,1,0,2175,184.6491,415.0
185.0625,0.05078125,71,56,1,0,2176,185.04167,416.0
185.03777,0.110677086,52,55,1,0,2177,184.6491,415.0
185.15755,0.0546875,55,52,1,0,2178,185.04167,416.0
185.2487,0.075520836,59,62,1,0,2179,185.04167,416.0
185.27083,0.063802086,71,58,1,0,2180,185.04167,416.0
185.3698,0.076822914,55,55,1,0,2181,185.04167,416.0
185.04167,0.48828125,79,68,1,0,2182,185.04167,416.0
185.49089,0.059895832,71,56,1,0,2183,185.48567,417.0
185.47527,0.33333334,51,56,1,0,2184,185.04167,416.0
185.60417,0.20442708,54,58,1,0,2185,185.48567,417.0
185.69402,0.114583336,71,63,1,0,2186,185.48567,417.0
185.69661,0.111979164,59,54,1,0,2187,185.48567,417.0
185.77734,0.095052086,54,58,1,0,2188,185.48567,417.0
185.48567,0.4440104,83,72,1,0,2189,185.48567,417.0
185.89844,0.048177082,71,57,1,0,2190,185.89844,418.0
185.90625,0.083333336,52,54,1,0,2191,185.89844,418.0
186.0052,0.23828125,55,56,1,0,2192,185.89844,418.0
186.11198,0.13151042,71,54,1,0,2193,185.89844,418.0
186.11848,0.125,59,51,1,0,2194,185.89844,418.0
186.19011,0.053385418,55,46,1,0,2195,185.89844,418.0
185.89453,0.37890625,79,68,1,0,2196,185.48567,417.0
186.29036,0.33854166,81,78,1,0,2197,185.89844,418.0
186.30469,0.32421875,55,61,1,0,2198,186.30469,419.0
186.31902,0.30989584,71,59,1,0,2199,186.30469,419.0
186.41797,0.2109375,59,61,1,0,2200,186.30469,419.0
186.41536,0.21354167,79,69,1,0,2201,186.30469,419.0
186.51562,0.11328125,64,62,1,0,2202,186.30469,419.0
186.48828,0.140625,78,71,1,0,2203,186.30469,419.0
186.59505,0.076822914,59,64,1,0,2204,186.30469,419.0
186.60027,0.088541664,76,70,1,0,2205,186.30469,419.0
186.68489,0.045572918,74,75,1,0,2206,186.30469,419.0
186.69661,0.10546875,54,64,1,0,2207,186.69075,420.0
186.79817,0.0703125,59,65,1,0,2208,186.69075,420.0
186.90105,0.037760418,74,79,1,0,2209,186.69075,420.0
186.90364,0.063802086,62,59,1,0,2210,186.69075,420.0
187.0013,0.052083332,59,61,1,0,2211,186.69075,420.0
187.10286,0.092447914,54,66,1,0,2212,187.10156,421.0
187.10027,0.106770836,74,71,1,0,2213,186.69075,420.0
187.20703,0.053385418,58,59,1,0,2214,187.10156,421.0
187.20312,0.078125,73,69,1,0,2215,187.10156,421.0
187.29558,0.057291668,61,53,1,0,2216,187.10156,421.0
187.29427,0.071614586,71,67,1,0,2217,187.10156,421.0
187.3737,0.032552082,58,56,1,0,2218,187.10156,421.0
187.39844,0.067708336,73,65,1,0,2219,187.10156,421.0
187.50781,0.076822914,47,55,1,0,2220,187.50586,422.0
187.625,0.05078125,50,45,1,0,2221,187.50586,422.0
187.71484,0.049479168,54,55,1,0,2222,187.50586,422.0
187.5039,0.28125,71,52,1,0,2223,187.10156,421.0
187.82031,0.048177082,59,37,1,0,2224,187.50586,422.0
187.92839,0.1796875,47,40,1,0,2225,187.92839,423.0
188.1862,0.3450521,66,3,1,0,2226,187.92839,423.0
188.40105,0.13020833,73,61,1,0,2227,187.92839,423.0
188.50911,0.123697914,66,60,1,0,2228,188.41277,424.0
188.5664,0.4596354,64,63,1,0,2229,188.41277,424.0
188.59245,0.43359375,70,71,1,0,2230,188.41277,424.0
188.6875,0.33854166,73,72,1,0,2231,188.41277,424.0
188.78906,0.23697917,74,76,1,0,2232,188.78906,425.0
188.58723,0.4388021,61,65,1,0,2233,188.41277,424.0
188.88933,0.13671875,66,50,1,0,2234,188.78906,425.0
188.98177,0.14713542,62,30,1,0,2235,188.78906,425.0
188.98047,0.17317708,71,62,1,0,2236,188.78906,425.0
189.01172,0.16536458,59,36,1,0,2237,188.78906,425.0
189.08984,0.15104167,74,58,1,0,2238,188.78906,425.0
189.19922,0.095052086,76,65,1,0,2239,188.78906,425.0
189.3086,0.30208334,66,53,1,0,2240,189.20833,426.0
189.42317,0.1875,70,69,1,0,2241,189.20833,426.0
188.42448,1.1861979,54,55,1,0,2242,188.41277,424.0
189.21745,0.39322916,61,40,1,0,2243,189.20833,426.0
189.20833,0.40234375,58,42,1,0,2244,189.20833,426.0
189.52734,0.083333336,73,63,1,0,2245,189.20833,426.0
189.61328,0.1171875,78,65,1,0,2246,189.61328,427.0
189.70703,0.122395836,76,66,1,0,2247,189.61328,427.0
189.8138,0.084635414,74,67,1,0,2248,189.61328,427.0
189.91797,0.100260414,73,66,1,0,2249,189.61328,427.0
189.99739,0.046875,62,59,1,0,2250,189.61328,427.0
190.01172,0.041666668,59,57,1,0,2251,190.00261,428.0
190.00261,0.0546875,74,67,1,0,2252,190.00261,428.0
190.09114,0.088541664,71,64,1,0,2253,190.00261,428.0
190.19792,0.040364582,62,54,1,0,2254,190.00261,428.0
190.19011,0.052083332,59,60,1,0,2255,190.00261,428.0
190.1927,0.079427086,70,76,1,0,2256,190.00261,428.0
190.29817,0.057291668,71,69,1,0,2257,190.00261,428.0
190.39973,0.045572918,64,62,1,0,2258,190.00261,428.0
190.40495,0.041666668,61,56,1,0,2259,190.40495,429.0
190.41145,0.0546875,76,64,1,0,2260,190.40495,429.0
190.5,0.055989582,71,61,1,0,2261,190.40495,429.0
190.58723,0.03515625,64,62,1,0,2262,190.40495,429.0
190.58984,0.0546875,61,51,1,0,2263,190.40495,429.0
190.60156,0.055989582,70,64,1,0,2264,190.40495,429.0
190.70833,0.061197918,71,54,1,0,2265,190.40495,429.0
190.8138,0.095052086,78,58,1,0,2266,190.8138,430.0
190.80469,0.17447917,62,34,1,0,2267,190.40495,429.0
190.82552,0.15885417,66,45,1,0,2268,190.8138,430.0
190.92448,0.0625,74,58,1,0,2269,190.8138,430.0
191.02214,0.09375,73,64,1,0,2270,190.8138,430.0
191.1289,0.065104164,74,67,1,0,2271,190.8138,430.0
191.22136,0.102864586,76,66,1,0,2272,191.22136,431.0
191.33855,0.046875,74,61,1,0,2273,191.22136,431.0
191.41927,0.098958336,73,67,1,0,2274,191.22136,431.0
191.5013,0.111979164,74,55,1,0,2275,191.22136,431.0
191.62761,0.123697914,76,62,1,0,2276,191.625,432.0
191.7552,0.12890625,69,57,1,0,2277,191.625,432.0
191.85808,0.47395834,73,69,1,0,2278,191.625,432.0
191.80598,0.5260417,67,68,1,0,2279,191.625,432.0
191.94792,0.3841146,76,64,1,0,2280,191.625,432.0
192.02995,0.30208334,78,86,1,0,2281,192.02995,433.0
191.8177,0.51432294,64,70,1,0,2282,191.625,432.0
192.13933,0.19270833,69,72,1,0,2283,192.02995,433.0
192.24348,0.123697914,66,52,1,0,2284,192.02995,433.0
192.23047,0.18098958,74,71,1,0,2285,192.02995,433.0
192.21875,0.1953125,62,45,1,0,2286,192.02995,433.0
192.34114,0.12760417,78,69,1,0,2287,192.02995,433.0
192.45573,0.088541664,79,75,1,0,2288,192.02995,433.0
191.62239,1.2643229,57,42,1,0,2289,191.22136,431.0
192.45833,0.4283854,64,51,1,0,2290,192.45833,434.0
192.46614,0.4205729,61,44,1,0,2291,192.45833,434.0
192.55339,0.33333334,69,62,1,0,2292,192.45833,434.0
192.66406,0.22265625,73,67,1,0,2293,192.45833,434.0
192.77605,0.110677086,76,65,1,0,2294,192.45833,434.0
192.8737,0.09765625,81,72,1,0,2295,192.8737,435.0
192.97656,0.106770836,79,64,1,0,2296,192.8737,435.0
193.07422,0.07421875,78,65,1,0,2297,192.8737,435.0
193.16536,0.098958336,76,67,1,0,2298,192.8737,435.0
193.26823,0.04296875,66,69,1,0,2299,192.8737,435.0
193.27344,0.052083332,62,49,1,0,2300,193.27344,436.0
193.27344,0.052083332,78,71,1,0,2301,193.27344,436.0
193.35677,0.071614586,74,65,1,0,2302,193.27344,436.0
193.48047,0.040364582,66,71,1,0,2303,193.27344,436.0
193.48308,0.041666668,62,45,1,0,2304,193.27344,436.0
193.46745,0.076822914,73,69,1,0,2305,193.27344,436.0
193.57292,0.061197918,74,66,1,0,2306,193.27344,436.0
193.67839,0.045572918,67,66,1,0,2307,193.67839,437.0
193.6888,0.0390625,64,57,1,0,2308,193.67839,437.0
193.67188,0.0625,79,72,1,0,2309,193.27344,436.0
193.78255,0.048177082,74,62,1,0,2310,193.67839,437.0
193.8737,0.048177082,67,52,1,0,2311,193.67839,437.0
193.85677,0.0703125,64,57,1,0,2312,193.67839,437.0
193.86067,0.075520836,73,66,1,0,2313,193.67839,437.0
193.97005,0.0703125,74,55,1,0,2314,193.67839,437.0
194.07422,0.071614586,81,64,1,0,2315,194.07422,438.0
194.07422,0.13411458,66,42,1,0,2316,194.07422,438.0
194.07683,0.13411458,69,47,1,0,2317,194.07422,438.0
194.19661,0.040364582,74,58,1,0,2318,194.07422,438.0
194.28125,0.069010414,73,63,1,0,2319,194.07422,438.0
194.38281,0.069010414,74,56,1,0,2320,194.07422,438.0
194.48698,0.061197918,76,65,1,0,2321,194.48698,439.0
194.58594,0.048177082,78,66,1,0,2322,194.48698,439.0
194.68098,0.046875,79,65,1,0,2323,194.48698,439.0
194.77995,0.09375,81,68,1,0,2324,194.48698,439.0
194.94922,0.0703125,67,52,1,0,2325,194.8737,440.0
195.05339,0.096354164,66,62,1,0,2326,194.8737,440.0
195.16667,0.036458332,67,59,1,0,2327,194.8737,440.0
195.2513,0.052083332,69,65,1,0,2328,195.2513,441.0
195.36198,0.079427086,71,55,1,0,2329,195.2513,441.0
194.8737,0.6119792,83,68,1,0,2330,194.8737,440.0
195.45964,0.06640625,73,61,1,0,2331,195.2513,441.0
195.5677,0.1015625,74,55,1,0,2332,195.2513,441.0
195.45703,0.3059896,81,50,1,0,2333,195.2513,441.0
195.78255,0.046875,79,50,1,0,2334,195.67839,442.0
195.86458,0.6067708,78,64,1,0,2335,195.67839,442.0
195.95312,0.5182292,79,65,1,0,2336,195.67839,442.0
196.05989,0.41145834,81,76,1,0,2337,196.05989,443.0
195.67839,0.79296875,76,60,1,0,2338,195.67839,442.0
196.15625,0.31510416,83,65,1,0,2339,196.05989,443.0
196.23308,0.23828125,85,76,1,0,2340,196.05989,443.0
196.2461,0.22526042,74,56,1,0,2341,196.05989,443.0
196.38933,0.08203125,73,65,1,0,2342,196.05989,443.0
196.35027,0.123697914,86,76,1,0,2343,196.05989,443.0
196.5573,0.059895832,57,65,1,0,2344,196.45573,444.0
196.65364,0.092447914,56,64,1,0,2345,196.45573,444.0
196.7552,0.057291668,57,73,1,0,2346,196.45573,444.0
196.45573,0.44010416,88,84,1,0,2347,196.45573,444.0
196.84636,0.41666666,59,78,1,0,2348,196.84636,445.0
196.48567,0.77734375,79,70,1,0,2349,196.45573,444.0
196.94792,0.31510416,61,66,1,0,2350,196.84636,445.0
197.03516,0.22786458,62,64,1,0,2351,196.84636,445.0
197.13411,0.12890625,64,70,1,0,2352,196.84636,445.0
197.21355,0.049479168,66,76,1,0,2353,196.84636,445.0
197.40495,0.048177082,50,64,1,0,2354,197.21875,446.0
197.47527,0.075520836,49,71,1,0,2355,197.21875,446.0
197.57031,0.03125,50,59,1,0,2356,197.21875,446.0
197.64453,0.045572918,52,76,1,0,2357,197.64453,447.0
197.21875,0.80859375,78,86,1,0,2358,197.21875,446.0
197.74219,0.28515625,54,73,1,0,2359,197.64453,447.0
197.83333,0.19401042,55,82,1,0,2360,197.64453,447.0
197.92708,0.100260414,57,64,1,0,2361,197.64453,447.0
198.05078,0.075520836,59,80,1,0,2362,198.05078,448.0
198.05078,0.080729164,47,74,1,0,2363,198.05078,448.0
198.04817,0.9375,80,77,1,0,2364,197.64453,447.0
197.22266,1.7630209,86,87,1,0,2365,197.21875,446.0
198.28386,0.70182294,85,74,1,0,2366,198.05078,448.0
198.38152,0.6041667,83,70,1,0,2367,198.05078,448.0
198.47527,0.5104167,81,77,1,0,2368,198.47527,449.0
198.57552,0.41015625,80,77,1,0,2369,198.47527,449.0
198.67448,0.3111979,78,76,1,0,2370,198.47527,449.0
198.78255,0.203125,76,73,1,0,2371,198.47527,449.0
198.91016,0.091145836,74,66,1,0,2372,198.89453,450.0
199.02995,0.08984375,73,69,1,0,2373,198.89453,450.0
199.1211,0.390625,71,69,1,0,2374,198.89453,450.0
199.21094,0.30078125,69,71,1,0,2375,198.89453,450.0
199.30469,0.20703125,68,68,1,0,2376,199.30469,451.0
199.41277,0.098958336,66,66,1,0,2377,199.30469,451.0
199.51562,0.069010414,64,58,1,0,2378,199.30469,451.0
199.61458,0.08984375,62,48,1,0,2379,199.30469,451.0
198.89453,0.8515625,35,50,1,0,2380,198.89453,450.0
198.86589,0.9244792,47,57,1,0,2381,198.47527,449.0
199.73567,0.084635414,61,52,1,0,2382,199.72981,452.0
199.82812,0.065104164,59,62,1,0,2383,199.72981,452.0
199.9323,0.078125,57,62,1,0,2384,199.72981,452.0
200.04688,0.065104164,59,58,1,0,2385,199.72981,452.0
200.1289,0.061197918,61,64,1,0,2386,200.12305,453.0
200.22786,0.040364582,62,59,1,0,2387,200.12305,453.0
200.34245,0.079427086,64,69,1,0,2388,200.12305,453.0
200.4323,0.0546875,66,62,1,0,2389,200.12305,453.0
200.11719,0.49479166,45,74,1,0,2390,199.72981,452.0
200.51433,0.104166664,67,66,1,0,2391,200.51433,454.0
200.63281,0.21354167,66,58,1,0,2392,200.51433,454.0
200.70573,0.140625,64,69,1,0,2393,200.51433,454.0
200.80598,0.065104164,66,59,1,0,2394,200.51433,454.0
199.72395,1.1601562,33,61,1,0,2395,199.30469,451.0
200.90886,0.091145836,43,64,1,0,2396,200.51433,454.0
200.91406,0.41666666,67,68,1,0,2397,200.91406,455.0
201.02344,0.30729166,69,66,1,0,2398,200.91406,455.0
201.13672,0.19401042,71,53,1,0,2399,200.91406,455.0
201.21223,0.118489586,73,68,1,0,2400,200.91406,455.0
200.91797,0.4453125,31,53,1,0,2401,200.91406,455.0
201.33984,0.075520836,74,67,1,0,2402,201.33203,456.0
201.44531,0.0703125,75,70,1,0,2403,201.33203,456.0
201.54688,0.06640625,76,62,1,0,2404,201.33203,456.0
201.63281,0.4309896,77,72,1,0,2405,201.33203,456.0
201.73567,0.328125,78,76,1,0,2406,201.73567,457.0
201.82812,0.23567708,79,76,1,0,2407,201.73567,457.0
201.32812,0.73567706,42,66,1,0,2408,200.91406,455.0
201.33203,0.7317708,30,67,1,0,2409,201.33203,456.0
201.92317,0.140625,80,81,1,0,2410,201.73567,457.0
202.02473,0.109375,81,85,1,0,2411,201.73567,457.0
202.13933,0.390625,82,82,1,0,2412,202.13933,458.0
202.13933,0.390625,43,75,1,0,2413,202.13933,458.0
202.24739,0.2825521,83,75,1,0,2414,202.13933,458.0
202.13933,0.390625,31,68,1,0,2415,202.13933,458.0
202.34114,0.18880208,84,76,1,0,2416,202.13933,458.0
202.44661,0.095052086,85,78,1,0,2417,202.13933,458.0
202.54167,0.106770836,86,77,1,0,2418,202.13933,458.0
202.65105,0.2565104,85,80,1,0,2419,202.5625,459.0
202.5625,0.3450521,44,83,1,0,2420,202.5625,459.0
202.7448,0.16276042,86,75,1,0,2421,202.5625,459.0
202.56902,0.33854166,32,74,1,0,2422,202.5625,459.0
202.84375,0.063802086,85,80,1,0,2423,202.5625,459.0
202.95442,0.059895832,33,76,1,0,2424,202.95378,460.0
203.05598,0.067708336,45,59,1,0,2425,202.95378,460.0
202.95312,0.17838542,86,86,1,0,2426,202.5625,459.0
203.08723,0.05078125,83,65,1,0,2427,202.95378,460.0
203.08073,0.092447914,81,66,1,0,2428,202.95378,460.0
203.15234,0.13020833,78,89,1,0,2429,202.95378,460.0
203.16145,0.12109375,50,65,1,0,2430,202.95378,460.0
203.26172,0.028645834,74,65,1,0,2431,202.95378,460.0
203.26042,0.17057292,45,70,1,0,2432,202.95378,460.0
203.36458,0.088541664,69,74,1,0,2433,202.95378,460.0
203.3802,0.0859375,50,74,1,0,2434,203.37239,461.0
203.45703,0.111979164,66,75,1,0,2435,203.37239,461.0
203.48177,0.087239586,45,68,1,0,2436,203.37239,461.0
203.52864,0.0859375,62,65,1,0,2437,203.37239,461.0
203.57552,0.055989582,50,68,1,0,2438,203.37239,461.0
203.6237,0.036458332,74,70,1,0,2439,203.37239,461.0
203.67188,0.040364582,72,42,1,0,2440,203.37239,461.0
203.66927,0.45572916,45,75,1,0,2441,203.37239,461.0
203.73177,0.39322916,57,80,1,0,2442,203.37239,461.0
203.76692,0.3580729,50,67,1,0,2443,203.74934,462.0
203.85938,0.265625,45,65,1,0,2444,203.74934,462.0
203.95573,0.16927083,50,68,1,0,2445,203.74934,462.0
204.05469,0.076822914,45,63,1,0,2446,203.74934,462.0
204.12761,0.040364582,64,68,1,0,2447,203.74934,462.0
204.17839,0.041666668,66,71,1,0,2448,204.13997,463.0
204.15234,0.080729164,49,58,1,0,2449,204.13997,463.0
204.32031,0.059895832,66,75,1,0,2450,204.13997,463.0
204.25261,0.15625,64,76,1,0,2451,204.13997,463.0
204.38802,0.083333336,49,67,1,0,2452,204.13997,463.0
204.40105,0.0703125,62,60,1,0,2453,204.13997,463.0
204.2487,0.26041666,45,61,1,0,2454,204.13997,463.0
204.47527,0.069010414,64,71,1,0,2455,204.13997,463.0
204.51302,0.12109375,50,64,1,0,2456,204.13997,463.0
204.54688,0.22526042,62,61,1,0,2457,204.52995,464.0
204.82812,0.15625,38,47,1,0,2458,204.52995,464.0
205.07552,0.108072914,67,58,1,0,2459,205.07552,465.0
205.1836,0.083333336,66,59,1,0,2460,205.07552,465.0
205.25781,0.0703125,64,68,1,0,2461,205.07552,465.0
205.36589,0.06640625,62,51,1,0,2462,205.07552,465.0
205.27864,0.16145833,54,40,1,0,2463,205.07552,465.0
205.27214,0.19401042,50,49,1,0,2464,205.07552,465.0
205.5,0.19010417,52,35,1,0,2465,205.5,466.0
205.48177,0.22135417,61,56,1,0,2466,205.07552,465.0
205.70573,0.067708336,57,53,1,0,2467,205.5,466.0
205.71614,0.15234375,45,36,1,0,2468,205.5,466.0
205.5039,0.44921875,55,43,1,0,2469,205.5,466.0
205.95052,0.115885414,67,59,1,0,2470,205.95052,467.0
206.05989,0.092447914,66,60,1,0,2471,205.95052,467.0
206.14323,0.069010414,64,65,1,0,2472,205.95052,467.0
206.23308,0.07421875,62,49,1,0,2473,205.95052,467.0
206.13152,0.19140625,50,42,1,0,2474,205.95052,467.0
206.1302,0.22265625,54,45,1,0,2475,205.95052,467.0
206.38672,0.23307292,49,48,1,0,2476,206.38672,468.0
206.3737,0.26302084,68,66,1,0,2477,205.95052,467.0
206.63411,0.05859375,69,59,1,0,2478,206.38672,468.0
206.6263,0.102864586,45,45,1,0,2479,206.38672,468.0
206.39062,0.44140625,52,48,1,0,2480,206.38672,468.0
206.85027,0.1015625,67,66,1,0,2481,206.85027,469.0
206.94661,0.098958336,66,67,1,0,2482,206.85027,469.0
207.04688,0.063802086,64,73,1,0,2483,206.85027,469.0
207.13411,0.048177082,62,56,1,0,2484,206.85027,469.0
207.02864,0.18619792,54,48,1,0,2485,206.85027,469.0
207.03645,0.20963542,50,37,1,0,2486,206.85027,469.0
207.26562,0.16015625,55,45,1,0,2487,207.25652,470.0
207.2552,0.17838542,61,67,1,0,2488,206.85027,469.0
207.25652,0.18489583,52,44,1,0,2489,207.25652,470.0
207.47527,0.033854168,57,53,1,0,2490,207.25652,470.0
207.47395,0.0546875,45,56,1,0,2491,207.25652,470.0
207.6888,0.03515625,78,74,1,0,2492,207.6888,471.0
207.89844,0.041666668,66,60,1,0,2493,207.6888,471.0
207.90234,0.048177082,54,59,1,0,2494,207.6888,471.0
208.1263,0.0390625,74,68,1,0,2495,208.1263,472.0
208.32683,0.0390625,62,50,1,0,2496,208.1263,472.0
208.34505,0.048177082,50,48,1,0,2497,208.1263,472.0
208.54688,0.041666668,71,60,1,0,2498,208.54688,473.0
208.7539,0.040364582,59,59,1,0,2499,208.54688,473.0
208.75652,0.0625,47,58,1,0,2500,208.54688,473.0
208.95703,0.057291668,67,60,1,0,2501,208.95703,474.0
209.15495,0.057291668,43,56,1,0,2502,208.95703,474.0
209.17317,0.048177082,55,51,1,0,2503,208.95703,474.0
209.37239,0.046875,68,65,1,0,2504,209.37239,475.0
209.57683,0.0625,44,56,1,0,2505,209.37239,475.0
209.59114,0.05078125,56,47,1,0,2506,209.37239,475.0
209.80598,0.041666668,69,68,1,0,2507,209.80598,476.0
210.01692,0.03125,57,52,1,0,2508,209.80598,476.0
210.01562,0.057291668,45,52,1,0,2509,209.80598,476.0
210.22786,0.048177082,61,56,1,0,2510,210.22786,477.0
210.44402,0.048177082,49,54,1,0,2511,210.22786,477.0
210.45312,0.053385418,37,47,1,0,2512,210.22786,477.0
210.67969,0.24479167,62,40,1,0,2513,210.22786,477.0
210.69011,0.234375,50,42,1,0,2514,210.68489,478.0
210.91277,0.118489586,38,43,1,0,2515,210.68489,478.0
211.13411,0.13541667,79,61,1,0,2516,211.13411,479.0
211.26172,0.084635414,77,62,1,0,2517,211.13411,479.0
211.35027,0.059895832,76,69,1,0,2518,211.13411,479.0
211.34505,0.17708333,65,53,1,0,2519,211.13411,479.0
211.44531,0.076822914,74,67,1,0,2520,211.13411,479.0
211.35808,0.1796875,62,36,1,0,2521,211.13411,479.0
211.54948,0.19140625,64,50,1,0,2522,211.13411,479.0
211.55339,0.21484375,73,65,1,0,2523,211.55339,480.0
211.5612,0.2591146,67,39,1,0,2524,211.55339,480.0
211.77734,0.083333336,69,54,1,0,2525,211.55339,480.0
211.77995,0.14973958,57,48,1,0,2526,211.55339,480.0
211.97395,0.122395836,79,64,1,0,2527,211.97395,481.0
212.08073,0.080729164,77,69,1,0,2528,211.97395,481.0
212.16016,0.078125,76,73,1,0,2529,211.97395,481.0
212.15105,0.20703125,65,54,1,0,2530,211.97395,481.0
212.2552,0.102864586,74,62,1,0,2531,211.97395,481.0
212.17317,0.20052083,62,28,1,0,2532,211.97395,481.0
212.40886,0.20833333,61,49,1,0,2533,212.40755,482.0
212.38411,0.2591146,80,70,1,0,2534,211.97395,481.0
212.40755,0.29296875,64,51,1,0,2535,212.40755,482.0
212.64714,0.076822914,81,70,1,0,2536,212.40755,482.0
212.65234,0.078125,57,43,1,0,2537,212.40755,482.0
212.85808,0.104166664,79,65,1,0,2538,212.85808,483.0
212.94792,0.08203125,77,66,1,0,2539,212.85808,483.0
213.03125,0.075520836,76,71,1,0,2540,212.85808,483.0
213.13542,0.05859375,74,66,1,0,2541,212.85808,483.0
213.01953,0.18229167,65,53,1,0,2542,212.85808,483.0
213.0039,0.23697917,62,42,1,0,2543,212.85808,483.0
213.23958,0.14713542,67,53,1,0,2544,213.23438,484.0
213.23438,0.1796875,73,73,1,0,2545,213.23438,484.0
213.23047,0.2109375,64,49,1,0,2546,212.85808,483.0
213.44922,0.028645834,69,59,1,0,2547,213.23438,484.0
213.47527,0.037760418,57,43,1,0,2548,213.23438,484.0
213.67708,0.033854168,89,73,1,0,2549,213.67708,485.0
213.88281,0.040364582,77,63,1,0,2550,213.67708,485.0
213.89062,0.048177082,65,52,1,0,2551,213.67708,485.0
214.08723,0.046875,86,69,1,0,2552,214.08723,486.0
214.29817,0.048177082,74,54,1,0,2553,214.08723,486.0
214.29427,0.059895832,62,43,1,0,2554,214.08723,486.0
214.51042,0.045572918,82,60,1,0,2555,214.51042,487.0
214.72266,0.061197918,58,51,1,0,2556,214.51042,487.0
214.72656,0.0625,70,48,1,0,2557,214.51042,487.0
214.93098,0.05078125,79,55,1,0,2558,214.93098,488.0
215.14844,0.048177082,67,43,1,0,2559,214.93098,488.0
215.14453,0.079427086,55,44,1,0,2560,214.93098,488.0
215.35156,0.05078125,76,58,1,0,2561,215.35156,489.0
215.5664,0.06640625,64,44,1,0,2562,215.35156,489.0
215.57422,0.065104164,52,39,1,0,2563,215.35156,489.0
215.78645,0.06640625,73,47,1,0,2564,215.78645,490.0
216.05078,0.19791667,61,25,1,0,2565,215.78645,490.0
216.04688,0.20963542,49,32,1,0,2566,215.78645,490.0
217.47395,0.2734375,78,37,1,0,2567,217.25716,493.0
217.45312,0.40625,74,38,1,0,2568,217.25716,493.0
217.75,0.22916667,73,42,1,0,2569,217.74739,494.0
217.7448,0.86588544,79,38,1,0,2570,217.25716,493.0
217.45442,1.15625,81,41,1,0,2571,217.25716,493.0
217.98308,0.6276042,71,45,1,0,2572,217.74739,494.0
218.19661,0.4140625,69,49,1,0,2573,218.19661,495.0
217.96355,0.64713544,88,70,1,0,2574,217.74739,494.0
218.4388,0.171875,78,38,1,0,2575,218.19661,495.0
218.40364,0.22526042,86,48,1,0,2576,218.19661,495.0
218.41927,0.2721354,74,47,1,0,2577,218.19661,495.0
218.64714,0.20052083,73,50,1,0,2578,218.64714,496.0
218.64714,0.98307294,79,47,1,0,2579,218.64714,496.0
218.85677,0.7734375,71,56,1,0,2580,218.64714,496.0
218.85938,0.7708333,88,76,1,0,2581,218.64714,496.0
219.0677,0.5625,69,59,1,0,2582,219.0677,497.0
218.65364,0.9765625,81,48,1,0,2583,218.64714,496.0
219.28255,0.34765625,78,55,1,0,2584,219.0677,497.0
219.27214,0.3580729,86,59,1,0,2585,219.0677,497.0
219.29688,0.33333334,74,47,1,0,2586,219.0677,497.0
219.50911,0.12109375,76,46,1,0,2587,219.0677,497.0
219.52083,0.1953125,67,59,1,0,2588,219.52083,498.0
219.5586,0.16276042,74,25,1,0,2589,219.52083,498.0
219.73698,0.16536458,68,57,1,0,2590,219.52083,498.0
219.70964,0.1953125,83,66,1,0,2591,219.52083,498.0
219.94792,0.119791664,73,48,1,0,2592,219.9388,499.0
219.9388,0.13020833,69,54,1,0,2593,219.9388,499.0
220.13411,0.14192708,81,64,1,0,2594,219.9388,499.0
220.13933,0.19010417,57,59,1,0,2595,219.9388,499.0
219.9375,0.45572916,76,50,1,0,2596,219.52083,498.0
220.33723,0.083333336,74,42,1,0,2597,219.9388,499.0
220.36719,0.067708336,78,59,1,0,2598,220.36719,500.0
220.3698,0.1484375,62,56,1,0,2599,220.36719,500.0
220.45703,0.076822914,79,67,1,0,2600,220.36719,500.0
220.5612,0.625,78,59,1,0,2601,220.36719,500.0
220.65364,0.53255206,76,67,1,0,2602,220.36719,500.0
220.55339,0.6328125,57,51,1,0,2603,220.36719,500.0
220.7487,0.4375,74,54,1,0,2604,220.36719,500.0
220.76953,0.41666666,54,56,1,0,2605,220.75911,501.0
220.94792,0.23828125,50,54,1,0,2606,220.75911,501.0
220.97917,0.22135417,62,44,1,0,2607,220.75911,501.0
220.98438,0.23697917,66,50,1,0,2608,220.75911,501.0
221.20312,0.22135417,49,41,1,0,2609,220.75911,501.0
221.21355,0.37760416,67,45,1,0,2610,221.20573,502.0
221.44531,0.14973958,47,44,1,0,2611,221.20573,502.0
220.94792,0.74348956,69,56,1,0,2612,220.75911,501.0
221.63411,0.4361979,45,47,1,0,2613,221.63411,503.0
221.20573,0.8645833,64,42,1,0,2614,221.20573,502.0
221.85547,0.21484375,50,46,1,0,2615,221.63411,503.0
221.85938,0.23046875,62,36,1,0,2616,221.63411,503.0
221.86458,0.26302084,66,45,1,0,2617,221.63411,503.0
222.08333,0.171875,49,47,1,0,2618,221.63411,503.0
222.28906,0.19010417,47,46,1,0,2619,222.10156,504.0
222.51953,0.21744792,45,39,1,0,2620,222.51953,505.0
222.10547,0.6536458,67,46,1,0,2621,222.10156,504.0
221.85677,0.92578125,69,57,1,0,2622,221.63411,503.0
222.10156,0.73828125,64,36,1,0,2623,222.10156,504.0
222.74219,0.21875,48,42,1,0,2624,222.51953,505.0
222.72656,0.3190104,66,44,1,0,2625,222.51953,505.0
222.97786,0.2109375,47,41,1,0,2626,222.51953,505.0
223.20312,0.1796875,45,40,1,0,2627,222.98177,506.0
222.73698,0.65494794,62,30,1,0,2628,222.51953,505.0
223.41145,0.22135417,43,40,1,0,2629,223.41145,507.0
222.98567,0.64973956,67,35,1,0,2630,222.98177,506.0
223.64323,0.18359375,48,44,1,0,2631,223.41145,507.0
223.63152,0.25390625,66,46,1,0,2632,223.41145,507.0
223.86458,0.19140625,47,44,1,0,2633,223.86067,508.0
224.07422,0.17578125,45,47,1,0,2634,223.86067,508.0
223.63411,0.6276042,62,28,1,0,2635,223.41145,507.0
224.29817,0.21875,43,41,1,0,2636,224.29817,509.0
223.85677,0.7473958,67,38,1,0,2637,223.41145,507.0
224.51433,0.2109375,64,43,1,0,2638,224.29817,509.0
224.51823,0.23046875,46,50,1,0,2639,224.29817,509.0
224.7539,0.1640625,45,45,1,0,2640,224.7448,510.0
224.73567,0.22265625,65,52,1,0,2641,224.29817,509.0
224.96094,0.5104167,43,50,1,0,2642,224.7448,510.0
224.51692,0.95442706,60,51,1,0,2643,224.29817,509.0
225.14453,0.3268229,41,59,1,0,2644,224.7448,510.0
224.96223,0.50911456,67,50,1,0,2645,224.7448,510.0
225.17969,0.29166666,69,41,1,0,2646,225.16211,511.0
225.40234,0.18359375,58,62,1,0,2647,225.16211,511.0
225.40495,0.21223958,64,65,1,0,2648,225.16211,511.0
225.60417,0.16015625,57,51,1,0,2649,225.16211,511.0
225.3711,1.0195312,60,72,1,0,2650,225.16211,511.0
225.39192,0.99869794,72,67,1,0,2651,225.16211,511.0
225.60547,0.78515625,65,53,1,0,2652,225.60481,512.0
225.8112,0.57942706,55,55,1,0,2653,225.60481,512.0
225.8125,0.578125,67,52,1,0,2654,225.60481,512.0
226.02083,0.36979166,69,62,1,0,2655,225.60481,512.0
226.03516,0.35546875,53,53,1,0,2656,226.028,513.0
226.23177,0.22265625,64,60,1,0,2657,226.028,513.0
226.22917,0.2721354,82,72,1,0,2658,226.028,513.0
226.47917,0.7421875,65,48,1,0,2659,226.47136,514.0
226.46355,0.7578125,81,66,1,0,2660,226.028,513.0
226.22527,0.99609375,72,79,1,0,2661,226.028,513.0
226.6836,0.53776044,67,53,1,0,2662,226.47136,514.0
226.67708,0.5442708,79,67,1,0,2663,226.47136,514.0
226.87239,0.34895834,77,73,1,0,2664,226.47136,514.0
226.88802,0.33333334,69,57,1,0,2665,226.8802,515.0
227.10417,0.19140625,70,64,1,0,2666,226.8802,515.0
227.08855,0.26171875,76,68,1,0,2667,226.8802,515.0
227.32422,0.15364583,69,59,1,0,2668,227.32227,516.0
227.32031,0.20182292,77,60,1,0,2669,226.8802,515.0
227.07292,0.9895833,84,81,1,0,2670,226.8802,515.0
227.10677,0.9557292,72,60,1,0,2671,226.8802,515.0
227.52473,0.53776044,79,58,1,0,2672,227.32227,516.0
227.52214,0.54036456,67,56,1,0,2673,227.32227,516.0
227.69792,0.36458334,65,64,1,0,2674,227.32227,516.0
227.72527,0.3372396,81,54,1,0,2675,227.7116,517.0
227.92708,0.20182292,66,60,1,0,2676,227.7116,517.0
227.93489,0.20833333,48,62,1,0,2677,227.7116,517.0
228.16277,0.17708333,67,51,1,0,2678,228.1569,518.0
228.15105,0.19140625,46,58,1,0,2679,227.7116,517.0
228.36328,0.4830729,45,57,1,0,2680,228.1569,518.0
227.92317,0.92317706,62,54,1,0,2681,227.7116,517.0
228.35156,0.49479166,69,57,1,0,2682,228.1569,518.0
228.55989,0.28645834,43,61,1,0,2683,228.1569,518.0
227.91536,0.93098956,50,69,1,0,2684,227.7116,517.0
228.5612,0.28515625,70,67,1,0,2685,228.56055,519.0
228.78777,0.19791667,66,64,1,0,2686,228.56055,519.0
228.79817,0.24609375,60,68,1,0,2687,228.56055,519.0
229.04427,0.16276042,58,57,1,0,2688,229.02539,520.0
229.00652,0.22265625,67,55,1,0,2689,228.56055,519.0
228.77734,1.0299479,74,76,1,0,2690,228.56055,519.0
229.23308,0.57421875,57,57,1,0,2691,229.02539,520.0
228.77605,1.03125,62,70,1,0,2692,228.56055,519.0
229.20183,0.60546875,69,54,1,0,2693,229.02539,520.0
229.41406,0.39322916,70,72,1,0,2694,229.02539,520.0
229.42708,0.38020834,55,64,1,0,2695,229.42058,521.0
229.4323,0.375,62,19,1,0,2696,229.42058,521.0
229.65625,0.2421875,66,60,1,0,2697,229.42058,521.0
229.63152,0.31510416,84,83,1,0,2698,229.42058,521.0
229.88542,0.18489583,67,69,1,0,2699,229.875,522.0
229.86458,0.23046875,82,74,1,0,2700,229.42058,521.0
229.63933,0.4765625,74,86,1,0,2701,229.42058,521.0
230.07812,0.4908854,69,70,1,0,2702,229.875,522.0
230.06902,0.5,81,78,1,0,2703,229.875,522.0
230.27605,0.29296875,79,64,1,0,2704,230.27605,523.0
230.27605,0.29296875,70,69,1,0,2705,230.27605,523.0
230.51433,0.18489583,78,77,1,0,2706,230.27605,523.0
230.51042,0.24088542,72,66,1,0,2707,230.27605,523.0
230.74348,0.17447917,70,65,1,0,2708,230.74153,524.0
230.73958,0.80859375,79,64,1,0,2709,230.27605,523.0
230.4987,1.0494791,86,84,1,0,2710,230.27605,523.0
230.50781,1.0403646,74,72,1,0,2711,230.27605,523.0
230.95183,0.5963542,81,59,1,0,2712,230.74153,524.0
230.9414,0.6067708,69,61,1,0,2713,230.74153,524.0
231.1302,0.41796875,82,67,1,0,2714,230.74153,524.0
231.13933,0.40885416,67,58,1,0,2715,231.13477,525.0
231.38152,0.17578125,44,63,1,0,2716,231.13477,525.0
231.3763,0.27734375,62,51,1,0,2717,231.13477,525.0
231.57812,0.171875,43,61,1,0,2718,231.13477,525.0
231.59636,0.171875,63,62,1,0,2719,231.58723,526.0
231.77734,0.5078125,41,63,1,0,2720,231.58723,526.0
231.36198,0.92317706,58,70,1,0,2721,231.13477,525.0
231.78777,0.49739584,65,63,1,0,2722,231.58723,526.0
231.98958,0.2955729,39,60,1,0,2723,231.58723,526.0
231.9987,0.28645834,67,73,1,0,2724,231.99414,527.0
231.36719,0.91796875,46,72,1,0,2725,231.13477,525.0
232.20573,0.24348958,56,62,1,0,2726,231.99414,527.0
232.44792,0.18229167,55,71,1,0,2727,232.4427,528.0
232.4375,0.203125,75,70,1,0,2728,231.99414,527.0
232.22395,0.4361979,74,74,1,0,2729,231.99414,527.0
232.66016,0.5078125,53,55,1,0,2730,232.4427,528.0
232.21223,0.9557292,70,81,1,0,2731,231.99414,527.0
232.64844,0.51953125,77,67,1,0,2732,232.4427,528.0
232.85547,0.3125,51,70,1,0,2733,232.4427,528.0
232.19792,0.97005206,58,88,1,0,2734,231.99414,527.0
232.86589,0.3203125,79,77,1,0,2735,232.86067,529.0
233.08723,0.25260416,68,74,1,0,2736,232.86067,529.0
233.3112,0.20052083,67,69,1,0,2737,232.86067,529.0
233.0625,0.4596354,74,49,1,0,2738,232.86067,529.0
233.3138,0.2421875,75,71,1,0,2739,233.3125,530.0
233.07683,0.5494792,70,90,1,0,2740,232.86067,529.0
233.51562,0.18359375,65,73,1,0,2741,233.3125,530.0
233.53125,0.21614583,77,74,1,0,2742,233.3125,530.0
233.72136,0.053385418,63,62,1,0,2743,233.3125,530.0
233.73828,0.069010414,75,69,1,0,2744,233.72266,531.0
233.92969,0.044270832,62,49,1,0,2745,233.72266,531.0
233.92969,0.0546875,74,70,1,0,2746,233.72266,531.0
234.12761,0.040364582,61,64,1,0,2747,233.72266,531.0
234.13672,0.078125,73,61,1,0,2748,234.13216,532.0
233.72266,0.609375,79,70,1,0,2749,233.72266,531.0
234.35156,0.03515625,59,67,1,0,2750,234.13216,532.0
234.33984,0.092447914,71,73,1,0,2751,234.13216,532.0
234.53906,0.055989582,69,70,1,0,2752,234.13216,532.0
234.5612,0.063802086,57,64,1,0,2753,234.54492,533.0
234.55078,0.3763021,73,61,1,0,2754,234.54492,533.0
234.53516,0.3919271,76,80,1,0,2755,234.13216,532.0
234.74348,0.18359375,55,61,1,0,2756,234.54492,533.0
234.7461,0.18098958,67,78,1,0,2757,234.54492,533.0
234.97656,0.065104164,54,58,1,0,2758,234.9707,534.0
235.0039,0.037760418,66,34,1,0,2759,234.9707,534.0
235.17058,0.03515625,64,73,1,0,2760,234.9707,534.0
235.17969,0.040364582,52,59,1,0,2761,234.9707,534.0
234.95833,0.44921875,81,86,1,0,2762,234.54492,533.0
235.39973,0.0390625,62,65,1,0,2763,234.9707,534.0
235.40105,0.045572918,50,66,1,0,2764,235.40039,535.0
234.96223,0.48697916,74,67,1,0,2765,234.54492,533.0
234.96614,0.4856771,78,67,1,0,2766,234.54492,533.0
234.97527,0.54817706,69,66,1,0,2767,234.9707,534.0
235.6237,0.0390625,61,56,1,0,2768,235.40039,535.0
235.60938,0.079427086,49,73,1,0,2769,235.40039,535.0
235.81902,0.052083332,59,66,1,0,2770,235.8164,536.0
235.8164,0.0703125,47,66,1,0,2771,235.8164,536.0
236.02734,0.041666668,57,70,1,0,2772,235.8164,536.0
236.02734,0.048177082,45,64,1,0,2773,235.8164,536.0
236.23177,0.053385418,43,72,1,0,2774,235.8164,536.0
236.24348,0.041666668,55,74,1,0,2775,236.23763,537.0
235.8164,0.5390625,62,66,1,0,2776,235.8164,536.0
235.8164,0.5572917,66,63,1,0,2777,235.8164,536.0
235.80339,0.58203125,71,70,1,0,2778,235.40039,535.0
235.8086,0.58463544,74,87,1,0,2779,235.40039,535.0
236.46355,0.048177082,54,71,1,0,2780,236.23763,537.0
236.46484,0.095052086,42,74,1,0,2781,236.23763,537.0
236.6862,0.05078125,40,72,1,0,2782,236.67773,538.0
236.67969,0.057291668,52,84,1,0,2783,236.67773,538.0
236.88411,0.046875,50,74,1,0,2784,236.67773,538.0
236.8789,0.053385418,38,79,1,0,2785,236.67773,538.0
236.67578,0.421875,79,89,1,0,2786,236.23763,537.0
236.67188,0.45703125,76,77,1,0,2787,236.23763,537.0
236.67578,0.4544271,71,77,1,0,2788,236.23763,537.0
237.10417,0.045572918,49,77,1,0,2789,236.67773,538.0
236.6836,0.4908854,67,84,1,0,2790,236.67773,538.0
237.10677,0.091145836,37,80,1,0,2791,237.10547,539.0
237.3177,0.05859375,47,80,1,0,2792,237.10547,539.0
237.31902,0.05859375,35,73,1,0,2793,237.10547,539.0
237.53255,0.0546875,45,82,1,0,2794,237.5306,540.0
237.53255,0.0625,33,81,1,0,2795,237.5306,540.0
237.74219,0.041666668,43,75,1,0,2796,237.5306,540.0
237.73958,0.052083332,31,72,1,0,2797,237.5306,540.0
237.95442,0.0546875,42,88,1,0,2798,237.5306,540.0
237.53255,0.4778646,52,84,1,0,2799,237.5306,540.0
237.52864,0.5052083,57,73,1,0,2800,237.10547,539.0
237.96223,0.083333336,30,78,1,0,2801,237.95833,541.0
237.52605,0.53255206,64,88,1,0,2802,237.10547,539.0
237.52864,0.54036456,61,72,1,0,2803,237.10547,539.0
238.16016,0.0546875,40,83,1,0,2804,237.95833,541.0
238.16797,0.052083332,28,81,1,0,2805,237.95833,541.0
238.39062,0.05078125,26,82,1,0,2806,238.39062,542.0
238.38933,0.055989582,38,88,1,0,2807,237.95833,541.0
238.60808,0.098958336,28,87,1,0,2808,238.39062,542.0
238.60547,0.1015625,40,87,1,0,2809,238.39062,542.0
238.39192,0.31510416,62,68,1,0,2810,238.39062,542.0
238.38933,0.3203125,69,88,1,0,2811,237.95833,541.0
238.39062,0.3203125,66,79,1,0,2812,238.39062,542.0
238.38933,0.421875,57,87,1,0,2813,237.95833,541.0
238.82031,0.04296875,42,91,1,0,2814,238.39062,542.0
238.82552,0.049479168,30,81,1,0,2815,238.82292,543.0
239.03516,0.33203125,31,79,1,0,2816,238.82292,543.0
239.02864,0.33854166,43,86,1,0,2817,238.82292,543.0
239.01692,0.3502604,67,92,1,0,2818,238.82292,543.0
239.01433,0.3528646,64,78,1,0,2819,238.82292,543.0
239.01692,0.3502604,59,86,1,0,2820,238.82292,543.0
239.02214,0.3450521,55,98,1,0,2821,238.82292,543.0
239.2487,0.118489586,33,89,1,0,2822,239.24805,544.0
239.24739,0.119791664,45,93,1,0,2823,238.82292,543.0
239.47266,0.1484375,66,93,1,0,2824,239.24805,544.0
239.47266,0.15104167,57,82,1,0,2825,239.24805,544.0
239.46223,0.16276042,62,51,1,0,2826,239.24805,544.0
239.47266,0.44791666,54,91,1,0,2827,239.24805,544.0
239.69011,0.23046875,33,87,1,0,2828,239.68945,545.0
239.6888,0.23177083,45,92,1,0,2829,239.24805,544.0
239.88411,0.053385418,52,86,1,0,2830,239.68945,545.0
239.88672,0.05078125,55,73,1,0,2831,239.68945,545.0
239.89714,0.040364582,57,70,1,0,2832,239.68945,545.0
239.8789,0.100260414,61,84,1,0,2833,239.68945,545.0
240.12761,0.3580729,38,74,1,0,2834,239.68945,545.0
240.13152,0.35416666,54,81,1,0,2835,240.1289,546.0
240.1302,0.35546875,57,71,1,0,2836,240.1289,546.0
240.23828,0.24739583,50,69,1,0,2837,240.1289,546.0
240.12239,0.36328125,62,80,1,0,2838,239.68945,545.0
240.36458,0.12109375,49,65,1,0,2839,240.1289,546.0
240.47136,0.080729164,50,64,1,0,2840,240.1289,546.0
240.58855,0.055989582,49,55,1,0,2841,240.58855,547.0
240.71484,0.036458332,50,48,1,0,2842,240.58855,547.0
240.7487,0.15364583,86,73,1,0,2843,240.58855,547.0
240.7552,0.14713542,74,71,1,0,2844,240.58855,547.0
240.77214,0.13020833,49,49,1,0,2845,240.58855,547.0
240.8698,0.0390625,50,63,1,0,2846,240.58855,547.0
240.97005,0.03125,71,52,1,0,2847,240.97005,548.0
240.97527,0.03125,83,51,1,0,2848,240.97005,548.0
240.95183,0.063802086,40,61,1,0,2849,240.58855,547.0
240.98177,0.036458332,84,40,1,0,2850,240.97005,548.0
241.04948,0.05859375,50,49,1,0,2851,240.97005,548.0
241.1302,0.036458332,81,75,1,0,2852,240.97005,548.0
241.13411,0.052083332,49,64,1,0,2853,240.97005,548.0
241.22656,0.05859375,50,67,1,0,2854,240.97005,548.0
241.33203,0.03125,86,76,1,0,2855,240.97005,548.0
241.34895,0.02734375,74,65,1,0,2856,241.34636,549.0
241.34636,0.061197918,42,67,1,0,2857,241.34636,549.0
241.4375,0.055989582,50,64,1,0,2858,241.34636,549.0
241.54688,0.032552082,84,75,1,0,2859,241.34636,549.0
241.55078,0.032552082,72,71,1,0,2860,241.34636,549.0
241.54167,0.053385418,49,62,1,0,2861,241.34636,549.0
241.64323,0.048177082,50,54,1,0,2862,241.34636,549.0
241.74219,0.03125,83,70,1,0,2863,241.74219,550.0
241.7461,0.032552082,71,67,1,0,2864,241.74219,550.0
241.73047,0.080729164,43,57,1,0,2865,241.34636,549.0
241.83855,0.053385418,50,50,1,0,2866,241.74219,550.0
241.92708,0.032552082,81,78,1,0,2867,241.74219,550.0
241.9323,0.033854168,69,69,1,0,2868,241.74219,550.0
241.9388,0.0546875,49,55,1,0,2869,241.74219,550.0
242.03516,0.053385418,50,56,1,0,2870,241.74219,550.0
242.1198,0.033854168,79,79,1,0,2871,241.74219,550.0
242.12761,0.036458332,67,70,1,0,2872,242.12761,551.0
242.13542,0.067708336,45,60,1,0,2873,242.12761,551.0
242.22786,0.05859375,50,53,1,0,2874,242.12761,551.0
242.34505,0.036458332,66,62,1,0,2875,242.12761,551.0
242.33723,0.045572918,78,71,1,0,2876,242.12761,551.0
242.33855,0.055989582,49,57,1,0,2877,242.12761,551.0
242.4323,0.057291668,50,60,1,0,2878,242.12761,551.0
242.53777,0.036458332,79,71,1,0,2879,242.12761,551.0
242.55078,0.0390625,67,64,1,0,2880,242.54036,552.0
242.54036,0.069010414,47,64,1,0,2881,242.54036,552.0
242.65364,0.057291668,50,59,1,0,2882,242.54036,552.0
242.75652,0.028645834,64,59,1,0,2883,242.54036,552.0
242.7513,0.03515625,76,75,1,0,2884,242.54036,552.0
242.7552,0.061197918,49,60,1,0,2885,242.54036,552.0
242.85808,0.05859375,50,60,1,0,2886,242.54036,552.0
242.95573,0.02734375,81,69,1,0,2887,242.95573,553.0
242.95183,0.03515625,69,69,1,0,2888,242.54036,552.0
242.96355,0.055989582,49,56,1,0,2889,242.95573,553.0
243.05989,0.053385418,50,62,1,0,2890,242.95573,553.0
243.14062,0.03515625,49,67,1,0,2891,242.95573,553.0
243.15105,0.03125,79,77,1,0,2892,242.95573,553.0
243.15105,0.032552082,67,70,1,0,2893,242.95573,553.0
243.23698,0.0390625,50,47,1,0,2894,242.95573,553.0
243.23567,0.045572918,73,20,1,0,2895,242.95573,553.0
243.34766,0.6354167,66,73,1,0,2896,243.34766,554.0
243.49219,0.4908854,62,54,1,0,2897,243.34766,554.0
243.57422,0.40885416,61,64,1,0,2898,243.34766,554.0
243.68098,0.30208334,62,49,1,0,2899,243.34766,554.0
243.34636,0.63671875,50,89,1,0,2900,242.95573,553.0
243.76823,0.21484375,64,71,1,0,2901,243.76823,555.0
243.8802,0.102864586,62,50,1,0,2902,243.76823,555.0
243.96745,0.076822914,61,62,1,0,2903,243.76823,555.0
244.0573,0.049479168,62,51,1,0,2904,243.76823,555.0
243.95183,0.22265625,50,79,1,0,2905,243.76823,555.0
244.17188,0.037760418,52,54,1,0,2906,244.16862,556.0
244.16536,0.055989582,48,77,1,0,2907,243.76823,555.0
244.26172,0.075520836,64,58,1,0,2908,244.16862,556.0
244.37239,0.08984375,45,69,1,0,2909,244.16862,556.0
244.36719,0.098958336,63,61,1,0,2910,244.16862,556.0
244.47527,0.046875,64,61,1,0,2911,244.16862,556.0
244.57812,0.05078125,50,75,1,0,2912,244.57747,557.0
244.57683,0.083333336,54,68,1,0,2913,244.16862,556.0
244.67708,0.09375,66,55,1,0,2914,244.57747,557.0
244.78255,0.053385418,48,74,1,0,2915,244.57747,557.0
244.78906,0.102864586,65,58,1,0,2916,244.57747,557.0
244.89192,0.049479168,66,59,1,0,2917,244.57747,557.0
244.98828,0.049479168,55,67,1,0,2918,244.98828,558.0
244.98828,0.05078125,47,79,1,0,2919,244.98828,558.0
245.08855,0.0859375,67,60,1,0,2920,244.98828,558.0
245.19011,0.055989582,45,72,1,0,2921,244.98828,558.0
245.1836,0.114583336,66,63,1,0,2922,244.98828,558.0
245.29036,0.063802086,67,62,1,0,2923,244.98828,558.0
245.40364,0.046875,43,80,1,0,2924,245.40364,559.0
245.40364,0.0625,57,72,1,0,2925,245.40364,559.0
245.50652,0.092447914,69,64,1,0,2926,245.40364,559.0
245.60286,0.0859375,42,82,1,0,2927,245.40364,559.0
245.61328,0.111979164,68,66,1,0,2928,245.40364,559.0
245.72917,0.05078125,69,55,1,0,2929,245.40364,559.0
245.8112,0.0546875,59,70,1,0,2930,245.80598,560.0
245.80078,0.069010414,43,84,1,0,2931,245.40364,559.0
245.91277,0.095052086,71,65,1,0,2932,245.80598,560.0
245.9987,0.092447914,40,77,1,0,2933,245.80598,560.0
246.02083,0.098958336,70,69,1,0,2934,245.80598,560.0
246.11067,0.0546875,71,52,1,0,2935,245.80598,560.0
246.21223,0.05078125,45,85,1,0,2936,246.21028,561.0
246.20833,0.080729164,61,68,1,0,2937,245.80598,560.0
246.32031,0.078125,73,64,1,0,2938,246.21028,561.0
246.41667,0.057291668,43,76,1,0,2939,246.21028,561.0
246.42317,0.098958336,72,62,1,0,2940,246.21028,561.0
246.53777,0.046875,73,67,1,0,2941,246.21028,561.0
243.35027,3.2617188,38,85,1,0,2942,243.34766,554.0
246.59636,0.049479168,42,80,1,0,2943,246.21028,561.0
246.62761,0.061197918,62,59,1,0,2944,246.61198,562.0
246.74089,0.067708336,74,58,1,0,2945,246.61198,562.0
246.83594,0.095052086,73,64,1,0,2946,246.61198,562.0
246.94402,0.66536456,74,66,1,0,2947,246.61198,562.0
247.03777,0.57161456,76,70,1,0,2948,247.03777,563.0
247.14062,0.46875,74,53,1,0,2949,247.03777,563.0
247.21875,0.390625,73,69,1,0,2950,247.03777,563.0
247.33723,0.2721354,74,71,1,0,2951,247.03777,563.0
247.21355,0.39583334,62,81,1,0,2952,247.03777,563.0
247.44402,0.16536458,60,81,1,0,2953,247.03777,563.0
247.45183,0.15755208,64,70,1,0,2954,247.44792,564.0
247.54558,0.0859375,76,67,1,0,2955,247.44792,564.0
247.64714,0.076822914,57,82,1,0,2956,247.44792,564.0
247.64714,0.096354164,75,74,1,0,2957,247.44792,564.0
247.73567,0.071614586,76,68,1,0,2958,247.44792,564.0
247.83984,0.059895832,62,78,1,0,2959,247.83789,565.0
247.83594,0.088541664,66,71,1,0,2960,247.44792,564.0
247.9375,0.08984375,78,70,1,0,2961,247.83789,565.0
248.03255,0.072916664,60,82,1,0,2962,247.83789,565.0
248.04688,0.096354164,77,67,1,0,2963,247.83789,565.0
248.14453,0.063802086,78,72,1,0,2964,247.83789,565.0
248.23438,0.07421875,67,77,1,0,2965,247.83789,565.0
248.2461,0.083333336,59,89,1,0,2966,248.24023,566.0
248.34766,0.09765625,79,71,1,0,2967,248.24023,566.0
248.45312,0.067708336,57,83,1,0,2968,248.24023,566.0
248.45052,0.118489586,78,74,1,0,2969,248.24023,566.0
248.5573,0.07421875,79,74,1,0,2970,248.24023,566.0
248.64973,0.079427086,55,86,1,0,2971,248.6491,567.0
248.64844,0.088541664,69,78,1,0,2972,248.24023,566.0
248.75261,0.09375,81,77,1,0,2973,248.6491,567.0
248.85938,0.102864586,54,84,1,0,2974,248.6491,567.0
248.85417,0.12630208,80,80,1,0,2975,248.6491,567.0
248.96745,0.07421875,81,75,1,0,2976,248.6491,567.0
249.05989,0.0703125,55,90,1,0,2977,249.05989,568.0
249.05989,0.078125,71,74,1,0,2978,249.05989,568.0
249.16277,0.1015625,83,75,1,0,2979,249.05989,568.0
249.25,0.114583336,52,85,1,0,2980,249.05989,568.0
249.26823,0.13802083,82,77,1,0,2981,249.05989,568.0
249.37239,0.083333336,83,72,1,0,2982,249.05989,568.0
249.47136,0.048177082,57,92,1,0,2983,249.47136,569.0
249.47136,0.084635414,73,80,1,0,2984,249.47136,569.0
249.57292,0.0859375,85,77,1,0,2985,249.47136,569.0
249.67058,0.063802086,55,86,1,0,2986,249.47136,569.0
249.66277,0.1171875,84,77,1,0,2987,249.47136,569.0
249.77214,0.13541667,85,81,1,0,2988,249.47136,569.0
249.92188,0.13671875,74,71,1,0,2989,249.92188,570.0
246.8125,3.5755208,50,89,1,0,2990,246.61198,562.0
249.91406,0.47395834,86,79,1,0,2991,249.47136,569.0
249.95573,0.43229166,54,60,1,0,2992,249.92188,570.0
250.7461,0.5364583,81,57,1,0,2993,249.92188,570.0
250.7539,0.6171875,69,34,1,0,2994,250.75,571.0
251.23177,0.52994794,83,66,1,0,2995,251.22981,572.0
251.22786,0.6067708,71,36,1,0,2996,250.75,571.0
251.6888,0.52473956,76,52,1,0,2997,251.22981,572.0
251.6927,0.56901044,64,40,1,0,2998,251.69075,573.0
252.13933,0.9817708,69,35,1,0,2999,252.13152,574.0
252.1237,0.9973958,81,50,1,0,3000,251.69075,573.0
252.58203,0.5390625,66,33,1,0,3001,252.57356,575.0
252.56511,0.55598956,59,40,1,0,3002,252.13152,574.0
252.55208,0.56901044,75,49,1,0,3003,252.13152,574.0
252.99219,0.3841146,79,53,1,0,3004,252.57356,575.0
252.58464,1.2981771,71,39,1,0,3005,252.57356,575.0
253.04297,0.83984375,52,38,1,0,3006,253.01172,576.0
253.01172,0.87109375,64,34,1,0,3007,253.01172,576.0
253.47266,0.4296875,57,38,1,0,3008,253.4362,577.0
253.4362,0.46875,67,37,1,0,3009,253.4362,577.0
253.42839,0.5260417,73,49,1,0,3010,253.01172,576.0
253.8789,0.21223958,74,47,1,0,3011,253.4362,577.0
253.9388,0.5286458,62,9,1,0,3012,253.92253,578.0
253.91536,0.5520833,50,36,1,0,3013,253.4362,577.0
253.92969,0.53776044,66,30,1,0,3014,253.92253,578.0
254.35286,0.57682294,70,57,1,0,3015,253.92253,578.0
254.38542,0.5963542,58,41,1,0,3016,254.36914,579.0
254.82552,0.54296875,71,53,1,0,3017,254.36914,579.0
254.84766,0.61067706,59,37,1,0,3018,254.8366,580.0
255.27995,0.53255206,64,48,1,0,3019,254.8366,580.0
255.30339,0.546875,52,36,1,0,3020,255.29167,581.0
255.7461,1.0182291,57,39,1,0,3021,255.73372,582.0
255.72136,1.0429688,69,44,1,0,3022,255.29167,581.0
256.18228,0.58203125,54,39,1,0,3023,256.17447,583.0
256.16928,0.59505206,47,43,1,0,3024,255.73372,582.0
256.16406,0.60026044,63,45,1,0,3025,255.73372,582.0
256.63672,1.0481771,67,52,1,0,3026,256.17447,583.0
256.66537,1.0195312,40,44,1,0,3027,256.64975,584.0
257.08853,0.5963542,55,33,1,0,3028,257.08853,585.0
256.64975,1.0351562,52,43,1,0,3029,256.64975,584.0
256.1797,1.5052084,59,37,1,0,3030,256.17447,583.0
257.07553,0.609375,61,46,1,0,3031,256.64975,584.0
257.08853,0.5963542,45,40,1,0,3032,257.08853,585.0
257.52994,1.0651041,66,63,1,0,3033,257.08853,585.0
257.5625,1.0325521,54,42,1,0,3034,257.55533,586.0
257.55728,1.0377604,38,44,1,0,3035,257.55533,586.0
257.55338,1.0416666,50,39,1,0,3036,257.08853,585.0
257.95963,0.6354167,59,52,1,0,3037,257.55533,586.0
257.96353,0.640625,43,48,1,0,3038,257.96158,587.0
258.45444,1.1223959,49,39,1,0,3039,258.45053,588.0
258.42056,1.15625,64,73,1,0,3040,257.96158,587.0
258.44662,1.1302084,52,54,1,0,3041,257.96158,587.0
258.45834,1.1184896,37,46,1,0,3042,258.45053,588.0
258.88803,0.68880206,58,53,1,0,3043,258.45053,588.0
258.89194,0.6848958,42,48,1,0,3044,258.88998,589.0
259.36197,1.1276041,47,51,1,0,3045,259.35873,590.0
259.35547,1.1341146,35,47,1,0,3046,258.88998,589.0
259.35416,1.1354166,62,68,1,0,3047,258.88998,589.0
259.36978,1.1197916,50,63,1,0,3048,259.35873,590.0
259.80338,0.68619794,55,65,1,0,3049,259.80142,591.0
259.79947,0.6901042,40,59,1,0,3050,259.35873,590.0
260.28125,0.56640625,33,75,1,0,3051,260.27994,592.0
260.29166,1.1979166,48,69,1,0,3052,260.27994,592.0
260.77084,0.71875,54,57,1,0,3053,260.76953,593.0
260.76822,0.7213542,38,68,1,0,3054,260.27994,592.0
260.27866,1.2109375,45,69,1,0,3055,259.80142,591.0
260.27866,1.2109375,60,77,1,0,3056,259.80142,591.0
261.40234,0.32421875,50,45,1,0,3057,261.3939,594.0
261.41016,0.37109375,55,37,1,0,3058,261.3939,594.0
261.3776,0.4361979,59,62,1,0,3059,260.76953,593.0
262.11328,0.20963542,43,45,1,0,3060,261.86948,595.0
262.34506,0.20703125,42,59,1,0,3061,262.34506,596.0
262.5729,0.1640625,40,55,1,0,3062,262.34506,596.0
262.78775,0.18229167,38,44,1,0,3063,262.78775,597.0
261.3854,1.5898438,31,68,1,0,3064,260.76953,593.0
263.0065,0.27083334,86,65,1,0,3065,262.78775,597.0
263.02213,0.27864584,74,52,1,0,3066,262.78775,597.0
263.2357,0.6901042,83,59,1,0,3067,262.78775,597.0
263.46353,0.4622396,72,49,1,0,3068,263.25327,598.0
263.45963,0.46614584,81,61,1,0,3069,263.25327,598.0
263.67447,0.2513021,79,51,1,0,3070,263.25327,598.0
263.68228,0.24348958,71,44,1,0,3071,263.67838,599.0
263.8789,0.1953125,43,48,1,0,3072,263.67838,599.0
264.10156,0.1875,42,55,1,0,3073,264.10156,600.0
264.3086,0.20052083,40,51,1,0,3074,264.10156,600.0
263.27084,1.6549479,31,45,1,0,3075,263.25327,598.0
264.76562,0.16015625,72,49,1,0,3076,264.53906,601.0
264.53906,0.38671875,38,44,1,0,3077,264.53906,601.0
264.97656,0.048177082,71,53,1,0,3078,264.97656,602.0
264.7604,0.3059896,74,55,1,0,3079,264.53906,601.0
264.97134,0.23828125,79,62,1,0,3080,264.53906,601.0
265.1875,0.6588542,72,53,1,0,3081,264.97656,602.0
265.1771,0.6692708,81,67,1,0,3082,264.97656,602.0
265.41537,0.4309896,74,53,1,0,3083,265.4108,603.0
265.40625,0.44010416,83,61,1,0,3084,264.97656,602.0
265.60287,0.24348958,43,59,1,0,3085,265.4108,603.0
265.84897,0.14192708,42,49,1,0,3086,265.84897,604.0
266.04166,0.15625,40,53,1,0,3087,265.84897,604.0
264.98828,1.6210938,31,44,1,0,3088,264.97656,602.0
266.25912,0.3502604,38,36,1,0,3089,266.25912,605.0
266.47006,0.23828125,74,62,1,0,3090,266.25912,605.0
266.47787,0.27734375,62,40,1,0,3091,266.25912,605.0
266.69922,0.46354166,71,54,1,0,3092,266.25912,605.0
266.90884,0.25390625,60,46,1,0,3093,266.70834,606.0
266.90366,0.26171875,69,55,1,0,3094,266.70834,606.0
267.11197,0.2890625,67,47,1,0,3095,266.70834,606.0
267.1211,0.3359375,59,37,1,0,3096,267.11655,607.0
267.35678,0.18229167,43,50,1,0,3097,267.11655,607.0
267.5651,0.17838542,42,55,1,0,3098,267.5651,608.0
267.78256,0.22135417,40,49,1,0,3099,267.5651,608.0
266.71744,1.578125,31,44,1,0,3100,266.70834,606.0
268.0,0.3671875,38,40,1,0,3101,268.0,609.0
268.22134,0.29166666,50,46,1,0,3102,268.0,609.0
268.444,0.27083334,55,53,1,0,3103,268.444,610.0
268.65884,0.26302084,57,53,1,0,3104,268.444,610.0
268.8737,0.21614583,59,55,1,0,3105,268.8737,611.0
269.09634,0.3984375,62,41,1,0,3106,268.8737,611.0
269.32944,0.25,67,57,1,0,3107,269.32944,612.0
269.53125,0.2591146,69,61,1,0,3108,269.32944,612.0
269.7461,0.23046875,71,48,1,0,3109,269.7461,613.0
269.9388,0.25,74,58,1,0,3110,269.7461,613.0
270.15494,0.26953125,79,56,1,0,3111,270.15494,614.0
270.3607,0.2877604,81,63,1,0,3112,270.15494,614.0
270.58463,0.25,83,47,1,0,3113,270.58463,615.0
270.77084,0.38802084,38,41,1,0,3114,270.58463,615.0
270.9961,0.2513021,43,41,1,0,3115,270.9961,616.0
271.20312,0.3268229,45,46,1,0,3116,270.9961,616.0
271.4453,0.3033854,47,40,1,0,3117,271.4453,617.0
271.65234,0.3046875,50,35,1,0,3118,271.4453,617.0
271.89194,0.28645834,55,41,1,0,3119,271.89194,618.0
272.10547,0.296875,57,54,1,0,3120,271.89194,618.0
272.30728,0.23958333,58,54,1,0,3121,272.30728,619.0
272.54166,0.37760416,62,27,1,0,3122,272.30728,619.0
272.7461,0.20442708,67,45,1,0,3123,272.7461,620.0
272.97787,0.30859375,69,39,1,0,3124,272.7461,620.0
273.19272,0.2591146,70,39,1,0,3125,273.19272,621.0
273.39975,0.22135417,74,44,1,0,3126,273.19272,621.0
273.6107,0.25390625,79,49,1,0,3127,273.6107,622.0
273.8112,0.2825521,81,57,1,0,3128,273.6107,622.0
274.02084,0.24869792,82,45,1,0,3129,274.02084,623.0
274.20834,0.36197916,38,34,1,0,3130,274.02084,623.0
274.44272,0.17447917,43,43,1,0,3131,274.44272,624.0
274.65756,0.23046875,45,39,1,0,3132,274.44272,624.0
274.88022,0.3059896,46,39,1,0,3133,274.88022,625.0
275.08725,0.23828125,50,36,1,0,3134,274.88022,625.0
275.3112,0.2734375,53,43,1,0,3135,275.3112,626.0
275.53775,0.2877604,55,40,1,0,3136,275.3112,626.0
275.7487,0.22395833,56,34,1,0,3137,275.7487,627.0
275.96094,0.4453125,62,26,1,0,3138,275.7487,627.0
276.1888,0.22135417,65,35,1,0,3139,276.1888,628.0
276.4271,0.26953125,67,38,1,0,3140,276.1888,628.0
276.60416,0.2565104,68,42,1,0,3141,276.60416,629.0
276.78906,0.23307292,74,50,1,0,3142,276.60416,629.0
277.01953,0.23958333,77,50,1,0,3143,277.01953,630.0
277.22916,0.29947916,79,53,1,0,3144,277.01953,630.0
277.47525,0.20833333,80,46,1,0,3145,277.47525,631.0
277.8763,0.19401042,50,39,1,0,3146,277.8763,632.0
278.08203,0.37760416,51,53,1,0,3147,277.8763,632.0
278.73828,0.17578125,62,39,1,0,3148,278.73828,634.0
278.32422,0.59765625,53,53,1,0,3149,278.32422,633.0
278.9362,0.1953125,63,51,1,0,3150,278.73828,634.0
277.65494,1.4895834,46,41,1,0,3151,277.47525,631.0
278.9401,0.22395833,51,50,1,0,3152,278.73828,634.0
278.51822,0.69921875,68,69,1,0,3153,278.32422,633.0
278.54428,0.7838542,56,49,1,0,3154,278.32422,633.0
279.1732,0.20052083,50,47,1,0,3155,279.16275,635.0
279.15234,0.23958333,65,51,1,0,3156,278.73828,634.0
279.59766,0.19401042,50,54,1,0,3157,279.59766,636.0
279.7982,0.3203125,51,60,1,0,3158,279.59766,636.0
280.02084,0.6510417,53,54,1,0,3159,280.02084,637.0
280.2487,0.52473956,56,62,1,0,3160,280.02084,637.0
280.22656,0.6119792,68,77,1,0,3161,280.02084,637.0
279.3815,1.484375,46,68,1,0,3162,279.16275,635.0
280.681,0.1875,63,47,1,0,3163,280.46484,638.0
280.65756,0.23828125,51,55,1,0,3164,280.46484,638.0
280.46484,0.47265625,62,47,1,0,3165,280.46484,638.0
280.89713,0.26171875,65,57,1,0,3166,280.89517,639.0
280.89322,0.4283854,50,51,1,0,3167,280.46484,638.0
281.3737,0.6692708,53,39,1,0,3168,281.35742,640.0
281.11588,0.9270833,56,60,1,0,3169,280.89517,639.0
281.10678,0.93619794,68,78,1,0,3170,280.89517,639.0
281.55338,0.48958334,52,55,1,0,3171,281.35742,640.0
281.10806,0.9348958,46,56,1,0,3172,280.89517,639.0
281.5547,0.48828125,64,57,1,0,3173,281.35742,640.0
281.34116,0.70182294,62,39,1,0,3174,280.89517,639.0
281.7604,0.2825521,65,66,1,0,3175,281.35742,640.0
281.77084,0.34375,50,54,1,0,3176,281.76562,641.0
282.20963,0.73567706,53,46,1,0,3177,282.20377,642.0
281.97525,0.97005206,68,85,1,0,3178,281.76562,641.0
282.40494,0.54036456,52,56,1,0,3179,282.20377,642.0
281.98697,0.9583333,56,64,1,0,3180,281.76562,641.0
282.41537,0.52994794,64,58,1,0,3181,282.20377,642.0
281.96616,0.9791667,46,62,1,0,3182,281.76562,641.0
282.1979,0.7473958,62,47,1,0,3183,281.76562,641.0
282.6237,0.3216146,50,59,1,0,3184,282.20377,642.0
282.64322,0.30208334,65,62,1,0,3185,282.63345,643.0
283.09506,0.19921875,49,53,1,0,3186,282.63345,643.0
282.85938,0.45052084,67,86,1,0,3187,282.63345,643.0
283.09766,0.24348958,64,58,1,0,3188,283.09634,644.0
282.8763,0.7708333,55,69,1,0,3189,282.63345,643.0
283.3086,0.33854166,50,56,1,0,3190,283.09634,644.0
283.28647,0.3606771,62,51,1,0,3191,283.09634,644.0
283.52213,0.20833333,52,59,1,0,3192,283.09634,644.0
282.84244,0.89713544,45,69,1,0,3193,282.63345,643.0
283.52866,0.21354167,61,61,1,0,3194,283.5254,645.0
283.71225,0.28125,46,73,1,0,3195,283.5254,645.0
283.94922,0.22786458,47,66,1,0,3196,283.94727,646.0
283.9453,0.2421875,62,53,1,0,3197,283.5254,645.0
283.72525,0.4830729,66,84,1,0,3198,283.5254,645.0
283.7357,0.53255206,54,68,1,0,3199,283.5254,645.0
284.16797,0.16927083,49,61,1,0,3200,283.94727,646.0
284.15103,0.265625,61,66,1,0,3201,283.94727,646.0
284.3763,0.13932292,50,65,1,0,3202,283.94727,646.0
284.38803,0.21744792,59,61,1,0,3203,284.38217,647.0
284.60025,0.2903646,42,75,1,0,3204,284.38217,647.0
284.83203,0.20833333,43,70,1,0,3205,284.8268,648.0
284.59116,0.46614584,64,84,1,0,3206,284.38217,647.0
284.82162,0.2721354,59,62,1,0,3207,284.38217,647.0
285.02344,0.42578125,57,67,1,0,3208,284.8268,648.0
285.02475,0.42447916,45,69,1,0,3209,284.8268,648.0
285.22787,0.22135417,55,45,1,0,3210,284.8268,648.0
285.2357,0.21354167,47,70,1,0,3211,285.23178,649.0
284.60938,0.91276044,52,71,1,0,3212,284.38217,647.0
285.46744,0.3997396,55,58,1,0,3213,285.23178,649.0
285.6849,0.57682294,40,61,1,0,3214,285.6849,650.0
285.45703,0.8046875,61,72,1,0,3215,285.23178,649.0
285.89584,0.3658854,42,62,1,0,3216,285.6849,650.0
285.8854,0.3763021,54,54,1,0,3217,285.6849,650.0
285.44662,0.8151042,33,72,1,0,3218,285.23178,649.0
286.09244,0.16927083,43,61,1,0,3219,285.6849,650.0
286.09506,0.16666667,52,56,1,0,3220,286.09375,651.0
286.29428,0.21744792,61,60,1,0,3221,286.09375,651.0
286.29297,0.23567708,45,63,1,0,3222,286.09375,651.0
286.5013,0.0859375,38,65,1,0,3223,286.09375,651.0
286.29947,0.29296875,55,55,1,0,3224,286.09375,651.0
286.52603,0.106770836,54,62,1,0,3225,286.52084,652.0
286.6107,0.19401042,50,66,1,0,3226,286.52084,652.0
286.52084,0.28385416,62,54,1,0,3227,286.52084,652.0
286.71616,0.088541664,49,61,1,0,3228,286.52084,652.0
286.8164,0.071614586,50,63,1,0,3229,286.52084,652.0
286.92838,0.07421875,49,61,1,0,3230,286.92838,653.0
287.03516,0.059895832,50,59,1,0,3231,286.92838,653.0
287.1315,0.08203125,49,61,1,0,3232,286.92838,653.0
287.10806,0.18619792,78,63,1,0,3233,286.92838,653.0
287.2435,0.061197918,50,57,1,0,3234,286.92838,653.0
287.10678,0.2513021,86,65,1,0,3235,286.92838,653.0
287.34506,0.06640625,49,55,1,0,3236,287.3099,654.0
287.45444,0.052083332,50,55,1,0,3237,287.3099,654.0
287.3099,0.24348958,85,68,1,0,3238,287.3099,654.0
287.556,0.34635416,49,55,1,0,3239,287.3099,654.0
287.53775,0.36458334,83,65,1,0,3240,287.3099,654.0
287.66537,0.23697917,50,55,1,0,3241,287.3099,654.0
287.71484,0.1875,81,67,1,0,3242,287.3099,654.0
287.3099,0.59244794,79,62,1,0,3243,287.3099,654.0
287.77213,0.13020833,49,59,1,0,3244,287.7435,655.0
287.875,0.063802086,50,64,1,0,3245,287.7435,655.0
287.98047,0.0625,49,58,1,0,3246,287.7435,655.0
288.09244,0.05078125,50,55,1,0,3247,287.7435,655.0
287.92447,0.22005208,79,66,1,0,3248,287.7435,655.0
288.1836,0.046875,49,55,1,0,3249,288.16147,656.0
288.1393,0.20703125,78,60,1,0,3250,287.7435,655.0
288.2643,0.0859375,50,57,1,0,3251,288.16147,656.0
288.3711,0.1015625,49,54,1,0,3252,288.16147,656.0
287.92447,0.57421875,81,62,1,0,3253,287.7435,655.0
288.35547,0.16015625,76,53,1,0,3254,288.16147,656.0
288.5026,0.061197918,50,57,1,0,3255,288.16147,656.0
288.53256,0.033854168,74,61,1,0,3256,288.16147,656.0
288.59244,0.046875,49,62,1,0,3257,288.5625,657.0
288.69662,0.040364582,50,58,1,0,3258,288.5625,657.0
288.74478,0.07421875,49,64,1,0,3259,288.5625,657.0
288.7357,0.19791667,66,73,1,0,3260,288.5625,657.0
288.85025,0.08984375,50,55,1,0,3261,288.5625,657.0
288.73306,0.2265625,74,65,1,0,3262,288.5625,657.0
288.95572,0.059895832,49,62,1,0,3263,288.9388,658.0
289.07553,0.05859375,50,47,1,0,3264,288.9388,658.0
288.9388,0.21614583,73,68,1,0,3265,288.9388,658.0
289.14453,0.076822914,49,66,1,0,3266,288.9388,658.0
289.25912,0.063802086,50,57,1,0,3267,288.9388,658.0
289.1328,0.23958333,71,62,1,0,3268,288.9388,658.0
289.3646,0.20182292,69,63,1,0,3269,288.9388,658.0
289.3685,0.19791667,49,63,1,0,3270,289.36655,659.0
288.9349,0.63151044,67,68,1,0,3271,288.5625,657.0
289.46353,0.102864586,50,60,1,0,3272,289.36655,659.0
289.58072,0.057291668,49,60,1,0,3273,289.36655,659.0
289.68228,0.0546875,50,53,1,0,3274,289.36655,659.0
289.58463,0.1875,67,64,1,0,3275,289.36655,659.0
289.77866,0.052083332,49,56,1,0,3276,289.7767,660.0
289.85806,0.059895832,50,53,1,0,3277,289.7767,660.0
289.77475,0.19661458,66,63,1,0,3278,289.36655,659.0
289.94922,0.088541664,49,55,1,0,3279,289.7767,660.0
290.0586,0.0625,50,50,1,0,3280,289.7767,660.0
289.5612,0.578125,69,60,1,0,3281,289.36655,659.0
289.96353,0.18229167,64,59,1,0,3282,289.7767,660.0
290.15756,0.04296875,62,51,1,0,3283,289.7767,660.0
290.16406,0.065104164,49,50,1,0,3284,290.1608,661.0
290.2604,0.076822914,50,55,1,0,3285,290.1608,661.0
290.3737,0.072916664,49,57,1,0,3286,290.1608,661.0
290.49088,0.048177082,50,53,1,0,3287,290.1608,661.0
290.39194,0.17447917,54,58,1,0,3288,290.1608,661.0
290.3711,0.19921875,62,49,1,0,3289,290.1608,661.0
290.59506,0.059895832,49,51,1,0,3290,290.58853,662.0
290.6875,0.067708336,50,46,1,0,3291,290.58853,662.0
290.5703,0.21354167,61,57,1,0,3292,290.1608,661.0
290.58853,0.2721354,55,53,1,0,3293,290.58853,662.0
290.77994,0.08203125,49,56,1,0,3294,290.58853,662.0
290.89322,0.061197918,50,51,1,0,3295,290.58853,662.0
290.77734,0.20833333,59,56,1,0,3296,290.58853,662.0
290.98178,0.34765625,57,56,1,0,3297,290.58853,662.0
291.01172,0.31770834,49,49,1,0,3298,290.99673,663.0
291.11328,0.21614583,50,46,1,0,3299,290.99673,663.0
291.17578,0.15364583,55,57,1,0,3300,290.99673,663.0
291.17188,0.15755208,49,49,1,0,3301,290.99673,663.0
291.19922,0.13020833,57,46,1,0,3302,290.99673,663.0
291.27344,0.055989582,50,58,1,0,3303,290.99673,663.0
291.40234,0.044270832,38,69,1,0,3304,291.39517,664.0
291.38803,0.096354164,54,65,1,0,3305,290.99673,663.0
291.48438,0.06640625,50,47,1,0,3306,291.39517,664.0
291.4922,0.08203125,62,46,1,0,3307,291.39517,664.0
291.58725,0.05859375,49,54,1,0,3308,291.39517,664.0
291.60547,0.084635414,57,57,1,0,3309,291.39517,664.0
291.72006,0.0390625,62,35,1,0,3310,291.39517,664.0
291.6875,0.075520836,50,56,1,0,3311,291.39517,664.0
291.79556,0.072916664,47,62,1,0,3312,291.39517,664.0
291.806,0.098958336,54,68,1,0,3313,291.80078,665.0
291.91666,0.053385418,50,54,1,0,3314,291.80078,665.0
291.90884,0.061197918,66,60,1,0,3315,291.80078,665.0
292.01562,0.046875,49,48,1,0,3316,291.80078,665.0
292.01953,0.079427086,62,45,1,0,3317,291.80078,665.0
292.10025,0.053385418,50,59,1,0,3318,291.80078,665.0
292.1224,0.03125,66,52,1,0,3319,291.80078,665.0
292.20963,0.067708336,45,65,1,0,3320,292.20572,666.0
292.2018,0.096354164,54,63,1,0,3321,291.80078,665.0
292.28256,0.08984375,66,55,1,0,3322,292.20572,666.0
292.3112,0.063802086,50,59,1,0,3323,292.20572,666.0
292.42447,0.059895832,49,56,1,0,3324,292.20572,666.0
292.41406,0.10546875,62,38,1,0,3325,292.20572,666.0
292.51303,0.040364582,66,39,1,0,3326,292.20572,666.0
292.51953,0.053385418,50,57,1,0,3327,292.20572,666.0
292.60938,0.057291668,43,62,1,0,3328,292.6022,667.0
292.59506,0.080729164,55,72,1,0,3329,292.20572,666.0
292.70963,0.052083332,50,50,1,0,3330,292.6022,667.0
292.71353,0.063802086,67,63,1,0,3331,292.6022,667.0
292.8021,0.06640625,47,56,1,0,3332,292.6022,667.0
292.8229,0.083333336,64,53,1,0,3333,292.6022,667.0
292.90494,0.057291668,50,56,1,0,3334,292.6022,667.0
292.92838,0.0390625,67,57,1,0,3335,292.6022,667.0
293.0013,0.057291668,57,69,1,0,3336,292.6022,667.0
293.00522,0.071614586,42,60,1,0,3337,293.00327,668.0
293.1185,0.041666668,50,47,1,0,3338,293.00327,668.0
293.1146,0.05078125,69,52,1,0,3339,293.00327,668.0
293.20444,0.052083332,45,49,1,0,3340,293.00327,668.0
293.19662,0.075520836,66,42,1,0,3341,293.00327,668.0
293.26822,0.0625,69,64,1,0,3342,293.00327,668.0
293.3125,0.072916664,50,57,1,0,3343,293.00327,668.0
293.41016,0.063802086,62,63,1,0,3344,293.00327,668.0
293.4297,0.0625,43,68,1,0,3345,293.41992,669.0
293.52603,0.053385418,74,64,1,0,3346,293.41992,669.0
293.54556,0.0390625,50,47,1,0,3347,293.41992,669.0
293.6185,0.055989582,47,63,1,0,3348,293.41992,669.0
293.63022,0.088541664,66,60,1,0,3349,293.41992,669.0
293.71875,0.05078125,50,64,1,0,3350,293.41992,669.0
293.72397,0.053385418,74,66,1,0,3351,293.41992,669.0
293.8125,0.2903646,42,76,1,0,3352,293.41992,669.0
293.8151,0.2877604,62,65,1,0,3353,293.8138,670.0
293.9232,0.1796875,50,53,1,0,3354,293.8138,670.0
293.9271,0.17578125,74,63,1,0,3355,293.8138,670.0
294.01562,0.087239586,45,52,1,0,3356,293.8138,670.0
294.0143,0.09375,66,62,1,0,3357,293.8138,670.0
294.1315,0.046875,74,64,1,0,3358,293.8138,670.0
294.13412,0.045572918,50,56,1,0,3359,293.8138,670.0
294.21744,0.29166666,40,66,1,0,3360,293.8138,670.0
294.22134,0.2877604,64,75,1,0,3361,294.2194,671.0
294.32553,0.18359375,50,52,1,0,3362,294.2194,671.0
294.33984,0.16927083,76,66,1,0,3363,294.2194,671.0
294.4271,0.08203125,67,55,1,0,3364,294.2194,671.0
294.41016,0.098958336,43,64,1,0,3365,294.2194,671.0
294.4987,0.045572918,76,62,1,0,3366,294.2194,671.0
294.51953,0.0390625,50,58,1,0,3367,294.2194,671.0
294.60416,0.049479168,38,75,1,0,3368,294.2194,671.0
294.60547,0.3997396,66,75,1,0,3369,294.60483,672.0
294.67447,0.33072916,50,54,1,0,3370,294.60483,672.0
294.70572,0.29947916,78,60,1,0,3371,294.60483,672.0
294.79688,0.20833333,49,62,1,0,3372,294.60483,672.0
294.79037,0.21484375,69,59,1,0,3373,294.60483,672.0
294.90234,0.102864586,50,61,1,0,3374,294.60483,672.0
294.90494,0.100260414,78,62,1,0,3375,294.60483,672.0
295.03256,0.075520836,47,63,1,0,3376,294.60483,672.0
295.04428,0.110677086,66,77,1,0,3377,295.03842,673.0
295.14713,0.20703125,50,59,1,0,3378,295.03842,673.0
295.16275,0.19140625,78,63,1,0,3379,295.03842,673.0
295.2526,0.1015625,49,59,1,0,3380,295.03842,673.0
295.2435,0.111979164,74,59,1,0,3381,295.03842,673.0
295.36197,0.05078125,50,60,1,0,3382,295.03842,673.0
295.35416,0.067708336,78,58,1,0,3383,295.03842,673.0
295.46094,0.3125,45,72,1,0,3384,295.4603,674.0
295.45963,0.3138021,66,78,1,0,3385,295.03842,673.0
295.5625,0.2109375,78,72,1,0,3386,295.4603,674.0
295.56772,0.20572917,50,59,1,0,3387,295.4603,674.0
295.66797,0.10546875,49,63,1,0,3388,295.4603,674.0
295.6914,0.0859375,74,49,1,0,3389,295.4603,674.0
295.7513,0.067708336,78,67,1,0,3390,295.4603,674.0
295.77994,0.0625,50,65,1,0,3391,295.4603,674.0
295.8828,0.32552084,43,75,1,0,3392,295.87695,675.0
295.8711,0.3372396,67,83,1,0,3393,295.4603,674.0
295.9935,0.21484375,50,56,1,0,3394,295.87695,675.0
295.98697,0.22135417,79,74,1,0,3395,295.87695,675.0
296.07553,0.1328125,47,66,1,0,3396,295.87695,675.0
296.08594,0.122395836,76,60,1,0,3397,295.87695,675.0
296.1901,0.048177082,50,67,1,0,3398,295.87695,675.0
296.1953,0.053385418,79,68,1,0,3399,295.87695,675.0
296.27734,0.075520836,42,85,1,0,3400,295.87695,675.0
296.28906,0.36328125,69,81,1,0,3401,296.2832,676.0
296.3854,0.2669271,50,64,1,0,3402,296.2832,676.0
296.41797,0.234375,81,73,1,0,3403,296.2832,676.0
296.49478,0.15755208,45,59,1,0,3404,296.2832,676.0
296.4961,0.15625,78,60,1,0,3405,296.2832,676.0
296.60287,0.049479168,81,58,1,0,3406,296.2832,676.0
296.60678,0.08203125,50,67,1,0,3407,296.2832,676.0
296.72397,0.3450521,43,85,1,0,3408,296.2832,676.0
296.72525,0.34375,74,88,1,0,3409,296.7246,677.0
296.82944,0.23958333,50,70,1,0,3410,296.7246,677.0
296.84244,0.2265625,86,77,1,0,3411,296.7246,677.0
296.9232,0.14583333,47,78,1,0,3412,296.7246,677.0
296.93228,0.13671875,78,70,1,0,3413,296.7246,677.0
297.03256,0.044270832,50,73,1,0,3414,296.7246,677.0
297.03516,0.0625,86,73,1,0,3415,296.7246,677.0
297.1289,0.33984375,42,92,1,0,3416,296.7246,677.0
297.1354,0.33333334,74,89,1,0,3417,297.13217,678.0
297.21744,0.2513021,50,70,1,0,3418,297.13217,678.0
297.24478,0.22395833,86,75,1,0,3419,297.13217,678.0
297.32944,0.13932292,45,69,1,0,3420,297.13217,678.0
297.35025,0.118489586,78,69,1,0,3421,297.13217,678.0
297.44922,0.053385418,50,76,1,0,3422,297.13217,678.0
297.45312,0.078125,86,78,1,0,3423,297.13217,678.0
297.54166,0.36328125,40,83,1,0,3424,297.13217,678.0
297.54947,0.35546875,76,92,1,0,3425,297.54556,679.0
297.6354,0.26953125,50,72,1,0,3426,297.54556,679.0
297.66406,0.24088542,86,82,1,0,3427,297.54556,679.0
297.72787,0.17708333,43,74,1,0,3428,297.54556,679.0
297.7643,0.140625,79,73,1,0,3429,297.54556,679.0
297.84375,0.061197918,50,74,1,0,3430,297.54556,679.0
297.85416,0.05078125,45,23,1,0,3431,297.54556,679.0
297.83463,0.080729164,86,77,1,0,3432,297.54556,679.0
297.95703,0.0625,50,88,1,0,3433,297.94922,680.0
297.94922,0.3515625,38,83,1,0,3434,297.94922,680.0
297.94922,0.3515625,42,88,1,0,3435,297.94922,680.0
297.95053,0.3502604,77,85,1,0,3436,297.94922,680.0
297.94662,0.35416666,80,93,1,0,3437,297.54556,679.0
298.05338,0.24739583,86,86,1,0,3438,297.94922,680.0
298.1836,0.1171875,78,83,1,0,3439,297.94922,680.0
298.181,0.119791664,81,77,1,0,3440,297.94922,680.0
298.27084,0.075520836,86,78,1,0,3441,297.94922,680.0
298.39322,0.037760418,74,70,1,0,3442,298.38736,681.0
298.3815,0.0625,78,79,1,0,3443,297.94922,680.0
298.47656,0.091145836,86,79,1,0,3444,298.38736,681.0
298.5729,0.061197918,79,72,1,0,3445,298.38736,681.0
298.58463,0.053385418,76,68,1,0,3446,298.38736,681.0
298.67056,0.072916664,86,76,1,0,3447,298.38736,681.0
298.77084,0.37109375,62,84,1,0,3448,298.38736,681.0
298.78125,0.3606771,50,79,1,0,3449,298.77213,682.0
298.77213,0.36979166,54,86,1,0,3450,298.77213,682.0
298.77866,0.36328125,77,89,1,0,3451,298.77213,682.0
298.77213,0.36979166,80,92,1,0,3452,298.77213,682.0
298.88022,0.26171875,86,84,1,0,3453,298.77213,682.0
299.0013,0.140625,78,80,1,0,3454,298.77213,682.0
299.0,0.14192708,81,64,1,0,3455,298.77213,682.0
299.08853,0.0625,86,81,1,0,3456,298.77213,682.0
299.19662,0.049479168,74,74,1,0,3457,299.194,683.0
299.1914,0.075520836,78,77,1,0,3458,298.77213,682.0
299.28775,0.063802086,86,76,1,0,3459,299.194,683.0
299.39062,0.091145836,79,78,1,0,3460,299.194,683.0
299.40494,0.088541664,76,71,1,0,3461,299.194,683.0
299.48438,0.076822914,86,77,1,0,3462,299.194,683.0
299.58594,0.15494792,78,96,1,0,3463,299.194,683.0
299.57944,0.16145833,81,93,1,0,3464,299.194,683.0
299.58853,0.15234375,50,88,1,0,3465,299.58853,684.0
299.59766,0.14322917,38,79,1,0,3466,299.58853,684.0
299.58984,0.15104167,42,88,1,0,3467,299.58853,684.0
300.07162,1.0976562,74,96,1,0,3468,300.06967,685.0
300.0664,1.1028646,78,96,1,0,3469,299.58853,684.0
300.0703,1.0989584,50,84,1,0,3470,300.06967,685.0
300.069,1.1002604,86,89,1,0,3471,299.58853,684.0
300.0768,1.0924479,38,81,1,0,3472,300.06967,685.0
300.069,1.1002604,42,82,1,0,3473,299.58853,684.0
